18
VECTOR: [-10.7061, 8.8703]
VECTOR: [13.0933, -6.8256]
VECTOR: [11.3188, 4.6836413793103455]
VECTOR: [10.5664, 13.8759]
VECTOR: [12.6277, -6.2286]
VECTOR: [5.05706923076923, 6.4311]
VECTOR: [14.5784, 15.409]
VECTOR: [-10.5111, 4.5557]
VECTOR: [11.5377, 12.6501]
VECTOR: [11.1351, -6.6068]
VECTOR: [5.05706923076923, 7.8252]
VECTOR: [-10.3285, 8.3884]
VECTOR: [11.8351, -7.3697]
VECTOR: [12.3192, -7.8141]
VECTOR: [5.05706923076923, 14.7254]
VECTOR: [5.05706923076923, -7.4637]
VECTOR: [-11.7873, 5.7885]
VECTOR: [13.1093, -5.4826]
VECTOR: [-12.2075, 6.3529]
VECTOR: [11.8622, 13.9369]
VECTOR: [-9.3698, 6.6905]
VECTOR: [11.7586, -6.5226]
VECTOR: [13.7694, 15.4172]
VECTOR: [11.3426, 15.4897]
VECTOR: [12.3129, -7.7135]
VECTOR: [12.8339, 17.0349]
VECTOR: [-9.9653, 8.9384]
VECTOR: [-11.3034, 6.7451]
VECTOR: [11.9699, -5.0674]
VECTOR: [9.6923, 13.795]
VECTOR: [312.0, 55.0, 79.0, 72.0, 70.0, 125.0, 47.0, 54.3, 0.7, 0.3, 0.0, 0.1, 0.1, 0.1, 0.1, 0.0]
VECTOR: [3465.0, 2881.0, 4551.0, 5035.0, 6757.0, 8111.0, 8826.0, 111.5, 35.2, 3.0, 2.5, 4.0, 4.4, 5.9, 7.1, 7.7]
VECTOR: [1997.0, 1518.0, 1734.0, 1489.0, 1585.0, 1433.0, 1081.0, 65.9, 9.6, 1.8, 1.3, 1.5, 1.3, 1.4, 1.3, 0.9]
VECTOR: [1810.0, 943.0, 944.0, 685.0, 720.0, 508.0, 651.0, 56.7, 5.6, 1.6, 0.8, 0.8, 0.6, 0.6, 0.4, 0.6]
VECTOR: [1594.0, 468.0, 422.0, 411.0, 696.0, 471.0, 596.0, 67.1, 4.2, 1.4, 0.4, 0.4, 0.4, 0.6, 0.4, 0.5]
VECTOR: [113.0, 62.0, 75.0, 82.0, 85.0, 148.0, 167.0, 108.6, 0.7, 0.1, 0.1, 0.1, 0.1, 0.1, 0.1, 0.1]
VECTOR: [2708.0, 1283.0, 1279.0, 909.0, 604.0, 490.0, 674.0, 46.2, 7.1, 2.4, 1.1, 1.1, 0.8, 0.5, 0.4, 0.6]
VECTOR: [11341.0, 1738.0, 820.0, 247.0, 182.0, 77.0, 25.0, 6.3, 12.8, 9.9, 1.5, 0.7, 0.2, 0.2, 0.1, 0.0]
VECTOR: [1579.0, 516.0, 476.0, 331.0, 236.0, 162.0, 113.0, 28.3, 3.1, 1.4, 0.5, 0.4, 0.3, 0.2, 0.1, 0.1]
VECTOR: [2574.0, 1669.0, 1864.0, 1443.0, 986.0, 433.0, 135.0, 28.5, 8.1, 2.3, 1.5, 1.6, 1.3, 0.9, 0.4, 0.1]
VECTOR: [2765.0, 804.0, 605.0, 383.0, 379.0, 207.0, 212.0, 28.0, 4.8, 2.4, 0.7, 0.5, 0.3, 0.3, 0.2, 0.2]
VECTOR: [4072.0, 1144.0, 419.0, 191.0, 70.0, 28.0, 8.0, 6.9, 5.3, 3.6, 1.0, 0.4, 0.2, 0.1, 0.0, 0.0]
VECTOR: [119.0, 75.0, 83.0, 68.0, 72.0, 75.0, 75.0, 73.0, 0.5, 0.1, 0.1, 0.1, 0.1, 0.1, 0.1, 0.1]
VECTOR: [5281.0, 2192.0, 1331.0, 872.0, 1129.0, 706.0, 315.0, 29.3, 10.5, 4.6, 1.9, 1.2, 0.8, 1.0, 0.6, 0.3]
VECTOR: [1335.0, 1021.0, 1549.0, 1527.0, 2148.0, 2304.0, 1179.0, 81.8, 9.9, 1.2, 0.9, 1.4, 1.3, 1.9, 2.0, 1.0]
VECTOR: [3154.0, 1453.0, 1459.0, 1080.0, 1118.0, 826.0, 862.0, 51.8, 8.9, 2.8, 1.3, 1.3, 0.9, 1.0, 0.7, 0.8]
VECTOR: [1589.0, 593.0, 492.0, 385.0, 538.0, 429.0, 392.0, 54.1, 4.0, 1.4, 0.5, 0.4, 0.3, 0.5, 0.4, 0.3]
VECTOR: [2776.0, 600.0, 435.0, 296.0, 324.0, 271.0, 300.0, 34.8, 4.5, 2.4, 0.5, 0.4, 0.3, 0.3, 0.2, 0.3]
VECTOR: [5043.0, 1518.0, 1154.0, 805.0, 378.0, 158.0, 57.0, 14.2, 8.1, 4.4, 1.3, 1.0, 0.7, 0.3, 0.1, 0.0]
VECTOR: [1274.0, 481.0, 522.0, 357.0, 347.0, 331.0, 529.0, 64.5, 3.5, 1.1, 0.4, 0.5, 0.3, 0.3, 0.3, 0.5]
VECTOR: [7122.0, 1663.0, 918.0, 373.0, 119.0, 34.0, 25.0, 7.2, 9.2, 6.2, 1.5, 0.8, 0.3, 0.1, 0.0, 0.0]
VECTOR: [1408.0, 342.0, 249.0, 174.0, 172.0, 132.0, 167.0, 35.3, 4.9, 2.5, 0.6, 0.4, 0.3, 0.3, 0.2, 0.3]
VECTOR: [177.0, 32.0, 47.0, 36.0, 38.0, 58.0, 23.0, 49.0, 0.8, 0.3, 0.1, 0.1, 0.1, 0.1, 0.1, 0.0]
VECTOR: [1300.0, 429.0, 416.0, 272.0, 200.0, 121.0, 49.0, 23.8, 5.2, 2.3, 0.8, 0.8, 0.5, 0.4, 0.2, 0.1]
VECTOR: [1634.0, 915.0, 926.0, 698.0, 730.0, 446.0, 476.0, 50.9, 10.6, 2.9, 1.6, 1.7, 1.3, 1.3, 0.8, 0.9]
VECTOR: [3554.0, 1267.0, 1054.0, 743.0, 357.0, 153.0, 53.0, 16.4, 13.2, 6.4, 2.3, 1.9, 1.3, 0.6, 0.3, 0.1]
VECTOR: [3499.0, 907.0, 532.0, 213.0, 68.0, 24.0, 17.0, 8.1, 9.6, 6.3, 1.6, 1.0, 0.4, 0.1, 0.0, 0.0]
VECTOR: [2090.0, 1063.0, 1153.0, 819.0, 546.0, 469.0, 661.0, 51.2, 12.5, 3.8, 1.9, 2.1, 1.5, 1.0, 0.8, 1.2]
VECTOR: [6198.0, 1139.0, 575.0, 184.0, 122.0, 52.0, 16.0, 7.0, 15.1, 11.2, 2.1, 1.0, 0.3, 0.2, 0.1, 0.0]
VECTOR: [72.0, 46.0, 61.0, 66.0, 75.0, 100.0, 120.0, 106.3, 1.0, 0.1, 0.1, 0.1, 0.1, 0.1, 0.2, 0.2]
VECTOR: [783.0, 259.0, 254.0, 223.0, 383.0, 245.0, 316.0, 67.6, 4.5, 1.4, 0.5, 0.5, 0.4, 0.7, 0.4, 0.6]
VECTOR: [1088.0, 895.0, 1125.0, 1024.0, 1128.0, 1035.0, 721.0, 70.2, 12.8, 2.0, 1.6, 2.0, 1.8, 2.0, 1.9, 1.3]
VECTOR: [775.0, 294.0, 349.0, 240.0, 246.0, 198.0, 294.0, 60.9, 4.4, 1.4, 0.5, 0.6, 0.4, 0.4, 0.4, 0.5]
VECTOR: [104.0, 65.0, 75.0, 56.0, 68.0, 66.0, 66.0, 73.2, 1.0, 0.2, 0.1, 0.1, 0.1, 0.1, 0.1, 0.1]
VECTOR: [1139.0, 333.0, 249.0, 151.0, 183.0, 91.0, 65.0, 26.2, 4.0, 2.1, 0.6, 0.4, 0.3, 0.3, 0.2, 0.1]
VECTOR: [2809.0, 1242.0, 783.0, 446.0, 551.0, 272.0, 151.0, 25.9, 11.4, 5.1, 2.2, 1.4, 0.8, 1.0, 0.5, 0.3]
VECTOR: [2426.0, 725.0, 297.0, 137.0, 50.0, 15.0, 6.0, 7.4, 6.7, 4.4, 1.3, 0.5, 0.2, 0.1, 0.0, 0.0]
VECTOR: [623.0, 520.0, 799.0, 789.0, 1067.0, 1179.0, 708.0, 86.3, 10.4, 1.1, 0.9, 1.4, 1.4, 1.9, 2.1, 1.3]
VECTOR: [1446.0, 1217.0, 1997.0, 2127.0, 2768.0, 3377.0, 4099.0, 115.0, 31.1, 2.6, 2.2, 3.6, 3.8, 5.0, 6.1, 7.4]
VECTOR: [778.0, 258.0, 227.0, 157.0, 168.0, 119.0, 116.0, 40.6, 3.4, 1.4, 0.5, 0.4, 0.3, 0.3, 0.2, 0.2]
VECTOR: [1367.0, 797.0, 816.0, 600.0, 626.0, 455.0, 627.0, 61.9, 9.7, 2.5, 1.4, 1.5, 1.1, 1.1, 0.8, 1.1]
VECTOR: [1909.0, 1411.0, 1590.0, 1266.0, 814.0, 373.0, 123.0, 29.7, 13.7, 3.4, 2.5, 2.9, 2.3, 1.5, 0.7, 0.2]
VECTOR: [1519.0, 539.0, 533.0, 382.0, 388.0, 380.0, 386.0, 53.2, 7.2, 2.6, 0.9, 0.9, 0.7, 0.7, 0.6, 0.7]
VECTOR: [15.0, 10.0, 8.0, 12.0, 3.0, 9.0, 9.0, 71.5, 0.1, 0.0, 0.0, 0.0, 0.0, 0.0, 0.0, 0.0]
VECTOR: [2472.0, 950.0, 547.0, 426.0, 578.0, 434.0, 164.0, 33.2, 9.7, 4.2, 1.6, 0.9, 0.7, 1.0, 0.7, 0.3]
VECTOR: [665.0, 258.0, 274.0, 178.0, 172.0, 60.0, 12.0, 22.8, 2.8, 1.1, 0.4, 0.5, 0.3, 0.3, 0.1, 0.0]
VECTOR: [811.0, 209.0, 168.0, 188.0, 313.0, 226.0, 280.0, 66.6, 3.8, 1.4, 0.4, 0.3, 0.3, 0.5, 0.4, 0.5]
VECTOR: [811.0, 334.0, 265.0, 228.0, 370.0, 310.0, 276.0, 63.6, 4.6, 1.4, 0.6, 0.5, 0.4, 0.6, 0.5, 0.5]
VECTOR: [617.0, 220.0, 126.0, 90.0, 58.0, 21.0, 13.0, 16.0, 2.0, 1.1, 0.4, 0.2, 0.2, 0.1, 0.0, 0.0]
VECTOR: [1489.0, 251.0, 101.0, 61.0, 21.0, 4.0, 4.0, 6.2, 3.4, 2.5, 0.4, 0.2, 0.1, 0.0, 0.0, 0.0]
VECTOR: [1646.0, 419.0, 122.0, 53.0, 20.0, 12.0, 1.0, 6.2, 4.0, 2.8, 0.7, 0.2, 0.1, 0.0, 0.0, 0.0]
VECTOR: [5143.0, 599.0, 245.0, 64.0, 60.0, 25.0, 9.0, 5.4, 10.6, 8.8, 1.0, 0.4, 0.1, 0.1, 0.0, 0.0]
VECTOR: [3624.0, 756.0, 386.0, 160.0, 51.0, 10.0, 7.0, 6.4, 8.7, 6.2, 1.3, 0.7, 0.3, 0.1, 0.0, 0.0]
VECTOR: [135.0, 23.0, 32.0, 36.0, 32.0, 67.0, 25.0, 60.6, 0.6, 0.2, 0.0, 0.1, 0.1, 0.1, 0.1, 0.0]
VECTOR: [443.0, 146.0, 128.0, 86.0, 94.0, 52.0, 24.0, 28.3, 1.7, 0.8, 0.2, 0.2, 0.1, 0.2, 0.1, 0.0]
VECTOR: [1626.0, 471.0, 357.0, 232.0, 196.0, 117.0, 146.0, 29.2, 5.4, 2.8, 0.8, 0.6, 0.4, 0.3, 0.2, 0.2]
VECTOR: [41.0, 16.0, 14.0, 16.0, 10.0, 48.0, 47.0, 114.9, 0.3, 0.1, 0.0, 0.0, 0.0, 0.0, 0.1, 0.1]
VECTOR: [1368.0, 258.0, 186.0, 121.0, 152.0, 139.0, 134.0, 34.2, 4.1, 2.3, 0.4, 0.3, 0.2, 0.3, 0.2, 0.2]
VECTOR: [909.0, 623.0, 609.0, 465.0, 457.0, 398.0, 360.0, 58.1, 6.6, 1.6, 1.1, 1.0, 0.8, 0.8, 0.7, 0.6]
VECTOR: [279.0, 87.0, 60.0, 59.0, 37.0, 41.0, 63.0, 48.6, 1.1, 0.5, 0.1, 0.1, 0.1, 0.1, 0.1, 0.1]
VECTOR: [712.0, 501.0, 751.0, 738.0, 1081.0, 1125.0, 471.0, 77.0, 9.3, 1.2, 0.9, 1.3, 1.3, 1.8, 1.9, 0.8]
VECTOR: [2019.0, 1665.0, 2554.0, 2909.0, 3988.0, 4734.0, 4727.0, 108.9, 39.2, 3.4, 2.8, 4.4, 5.0, 6.8, 8.1, 8.1]
VECTOR: [500.0, 188.0, 173.0, 117.0, 101.0, 134.0, 235.0, 70.4, 2.6, 0.9, 0.3, 0.3, 0.2, 0.2, 0.2, 0.4]
VECTOR: [348.0, 176.0, 299.0, 349.0, 342.0, 225.0, 277.0, 296.0, 32.0, 71.0, 63.0, 4.0, 512.0, 135.0, 291.0, 129.0, 119.0, 212.0, 491.0, 491.0, 345.0, 222.0]
VECTOR: [444.0, 132.0, 355.0, 420.0, 431.0, 337.0, 360.0, 303.0, 46.0, 79.0, 78.0, 7.0, 489.0, 261.0, 632.0, 217.0, 169.0, 261.0, 655.0, 496.0, 226.0, 197.0]
VECTOR: [506.0, 111.0, 171.0, 310.0, 535.0, 277.0, 145.0, 353.0, 76.0, 32.0, 36.0, 19.0, 503.0, 361.0, 943.0, 304.0, 251.0, 354.0, 460.0, 439.0, 124.0, 227.0]
VECTOR: [194.0, 58.0, 125.0, 188.0, 217.0, 138.0, 158.0, 177.0, 50.0, 7.0, 13.0, 0.0, 462.0, 92.0, 174.0, 160.0, 106.0, 146.0, 217.0, 310.0, 160.0, 73.0]
VECTOR: [4.0, 6.0, 4.0, 5.0, 10.0, 2.0, 8.0, 4.0, 1.0, 38.4, 5.0, 6.4, 17.0, 2.0, 13.0, 9.0, 6.0, 11.0, 14.0, 17.0, 18.0, 6.0]
VECTOR: [39.0, 16.0, 54.0, 45.0, 36.0, 38.0, 34.0, 54.0, 9.0, 3.0, 3.0, 2.0, 103.0, 20.0, 34.0, 24.0, 13.0, 30.0, 39.0, 79.0, 37.0, 11.0]
VECTOR: [79.0, 28.0, 53.0, 76.0, 75.0, 53.0, 50.0, 60.0, 19.0, 3.0, 9.0, 0.0, 187.0, 29.0, 55.0, 55.0, 36.0, 37.0, 85.0, 119.0, 56.0, 19.0]
VECTOR: [121.4, 0.0, 1.0, 1.0, 1.0, 1.0, 2.0, 1.0, 0.0, 15.0, 16.8, 3.0, 3.0, 0.0, 2.0, 2.0, 0.0, 3.0, 1.0, 3.0, 4.0, 2.0]
VECTOR: [185.0, 45.0, 70.0, 113.0, 174.0, 93.0, 49.0, 117.0, 19.0, 13.0, 9.0, 7.0, 162.0, 113.0, 318.0, 105.0, 75.0, 122.0, 170.0, 146.0, 44.0, 75.0]
VECTOR: [18.0, 9.0, 27.0, 25.0, 17.0, 23.0, 15.0, 29.0, 6.0, 1.0, 2.0, 2.0, 53.0, 12.0, 19.0, 14.0, 7.0, 17.0, 23.0, 37.0, 18.0, 6.0]
VECTOR: [184.0, 51.0, 123.0, 145.0, 162.0, 127.0, 135.0, 104.0, 10.0, 26.0, 36.0, 4.0, 167.0, 108.0, 220.0, 83.0, 57.0, 87.0, 244.0, 170.0, 84.0, 72.0]
VECTOR: [141.0, 70.0, 138.0, 146.0, 138.0, 95.0, 113.0, 139.0, 15.0, 32.0, 28.0, 2.0, 210.0, 52.0, 122.0, 43.0, 42.0, 93.0, 204.0, 196.0, 136.0, 84.0]
VECTOR: [225.0, 73.0, 210.0, 243.0, 233.0, 176.0, 194.0, 174.0, 25.0, 47.0, 39.0, 2.0, 281.0, 132.0, 367.0, 116.0, 100.0, 154.0, 368.0, 281.0, 123.0, 103.0, 24.0]
VECTOR: [285.0, 58.0, 87.0, 170.0, 320.0, 161.0, 89.0, 207.0, 49.0, 16.0, 23.0, 11.0, 300.0, 218.0, 552.0, 171.0, 159.0, 200.0, 247.0, 254.0, 71.0, 131.0, 23.0]
VECTOR: [18.0, 7.0, 23.0, 20.0, 18.0, 14.0, 14.0, 24.0, 3.0, 2.0, 1.0, 5.0, 44.0, 7.0, 14.0, 10.0, 6.0, 9.0, 15.0, 35.0, 17.0, 3.0, 26.0]
VECTOR: [4.0, 5.0, 1.0, 3.0, 8.0, 1.0, 6.0, 3.0, 1.0, 19.8, 5.0, 5.0, 13.0, 1.0, 11.0, 6.0, 5.0, 7.0, 12.0, 14.0, 15.0, 5.0, 28.0]
VECTOR: [178.0, 92.0, 142.0, 179.0, 181.0, 115.0, 146.0, 138.0, 13.0, 30.0, 33.0, 2.0, 265.0, 67.0, 149.0, 78.0, 69.0, 103.0, 259.0, 253.0, 187.0, 116.0, 25.0]
VECTOR: [106.0, 27.0, 61.0, 100.0, 125.0, 77.0, 95.0, 102.0, 28.0, 4.0, 1.0, 5.0, 247.0, 57.0, 108.0, 95.0, 65.0, 98.0, 126.0, 173.0, 95.0, 42.0, 27.0]
VECTOR: [342.0, 1004.0, 1200.0, 1286.0, 1696.0]
VECTOR: [134.0, 1009.0, 1153.0, 1054.0, 3075.0]
VECTOR: [135.0, 1082.0, 1139.0, 1115.0, 1742.0]
VECTOR: [672.0, 850.0, 936.0, 1130.0, 1897.0]
VECTOR: [213.0, 1111.0, 1182.0, 1274.0, 1734.0]
VECTOR: [180.0, 1175.0, 1167.0, 1197.0, 2937.0]
VECTOR: [132.0, 1059.0, 1152.0, 1021.0, 3708.0]
VECTOR: [15857.0, 913.0, 1055.0, 1110.0, 1601.0]
VECTOR: [199.0, 985.0, 1190.0, 1328.0, 2320.0]
VECTOR: [235.0, 1224.0, 1329.0, 1487.0, 2007.0]
VECTOR: [266.0, 959.0, 1049.0, 1021.0, 1163.0]
VECTOR: [303.0, 896.0, 1075.0, 1228.0, 2153.0]
VECTOR: [170.0, 1054.0, 1152.0, 1127.0, 2021.0]
VECTOR: [731.0, 751.0, 873.0, 966.0, 1305.0]
VECTOR: [149.0, 973.0, 1299.0, 1158.0, 1919.0]
VECTOR: [247.0, 1014.0, 1087.0, 1120.0, 2362.0]
VECTOR: [174.0, 909.0, 947.0, 928.0, 1524.0]
VECTOR: [768.0, 751.0, 822.0, 911.0, 1243.0]
VECTOR: [200.0, 849.0, 995.0, 983.0, 1495.0]
VECTOR: [219.0, 1070.0, 1227.0, 1223.0, 2177.0]
VECTOR: [272.0, 858.0, 1013.0, 921.0, 1179.0]
VECTOR: [272.0, 876.0, 1077.0, 1108.0, 1428.0]
VECTOR: [901.0, 804.0, 873.0, 1030.0, 915.0]
VECTOR: [235.0, 851.0, 962.0, 1098.0, 1044.0]
VECTOR: [382.0, 1246.0, 1316.0, 1149.0, 1851.0]
VECTOR: [197.0, 971.0, 1141.0, 1018.0, 1695.0]
VECTOR: [139.0, 1229.0, 1562.0, 1567.0, 2483.0]
VECTOR: [309.0, 931.0, 1122.0, 1057.0, 1762.0]
VECTOR: [157.0, 842.0, 1069.0, 1073.0, 1937.0]
VECTOR: [236.0, 922.0, 1007.0, 1002.0, 1492.0]
VECTOR: [686.0, 850.0, 1042.0, 926.0, 1343.0]
VECTOR: [257.0, 912.0, 1018.0, 1070.0, 1521.0]
VECTOR: [255.0, 1077.0, 1130.0, 1260.0, 1495.0]
VECTOR: [103.0, 1121.0, 1281.0, 1382.0, 1858.0]
VECTOR: [581.0, 833.0, 985.0, 1068.0, 1148.0]
VECTOR: [158.0, 1173.0, 1253.0, 1046.0, 1792.0]
VECTOR: [414.0, 741.0, 887.0, 1112.0, 1180.0]
VECTOR: [404.0, 959.0, 1118.0, 1076.0, 1498.0]
VECTOR: [837.0, 763.0, 842.0, 1059.0, 1582.0]
VECTOR: [124.0, 1128.0, 1340.0, 1141.0, 1943.0]
VECTOR: [178.0, 1068.0, 1186.0, 1156.0, 1900.0]
VECTOR: [768.0, 1091.0, 1316.0, 1094.0, 1690.0]
VECTOR: [364.0, 929.0, 1082.0, 1250.0, 1661.0]
VECTOR: [172.0, 1111.0, 1444.0, 1354.0, 2089.0]
VECTOR: [133.0, 1423.0, 1695.0, 1417.0, 2007.0]
VECTOR: [327.0, 1055.0, 1192.0, 1461.0, 1799.0]
VECTOR: [1363.0, 970.0, 1257.0, 1307.0, 1757.0]
VECTOR: [161.0, 1034.0, 997.0, 1180.0, 3416.0]
VECTOR: [15076.0, 73598.0, 100932.0, 6318.0, 94614.0, 2008.0, 1021.0, 987.0, 968.0, 22703.0, 315408.0, 1724.0]
VECTOR: [13392.0, 70866.0, 110580.0, 7250.0, 103330.0, 1606.0, 814.0, 792.0, 597.0, 21681.0, 442703.0, 2057.0]
VECTOR: [13170.0, 70560.0, 110836.0, 7418.0, 103418.0, 1604.0, 814.0, 791.0, 575.0, 22720.0, 470708.0, 2188.0]
VECTOR: [13043.0, 70083.0, 111111.0, 7373.0, 103738.0, 1584.0, 804.0, 780.0, 559.0, 22594.0, 476450.0, 2185.0]
VECTOR: [14893.0, 76349.0, 100958.0, 6038.0, 94920.0, 2407.0, 1230.0, 1177.0, 1300.0, 22036.0, 175085.0, 1996.0]
VECTOR: [14451.0, 72898.0, 106067.0, 6282.0, 99785.0, 1774.0, 899.0, 875.0, 759.0, 22199.0, 409270.0, 1904.0]
VECTOR: [13949.0, 73616.0, 110393.0, 6807.0, 103586.0, 1739.0, 883.0, 856.0, 692.0, 22624.0, 416542.0, 2118.0]
VECTOR: [14856.0, 72615.0, 102992.0, 6235.0, 96757.0, 1808.0, 918.0, 891.0, 818.0, 22488.0, 350927.0, 1679.0]
VECTOR: [15220.0, 72805.0, 98455.0, 6142.0, 92313.0, 2068.0, 1056.0, 1012.0, 1044.0, 22899.0, 177379.0, 1844.0]
VECTOR: [766.0, 4734.0, 7596.0, 332.0, 7264.0, 117.0, 59.0, 58.0, 43.0, 1267.0, 28532.0, 135.0]
VECTOR: [625.0, 4632.0, 7162.0, 554.0, 6608.0, 113.0, 58.0, 55.0, 40.0, 1029.0, 20884.0, 87.0]
VECTOR: [106.0, 440.0, 695.0, 42.0, 653.0, 8.0, 4.0, 4.0, 2.3, 210.0, 3680.0, 20.0]
VECTOR: [195.0, 1405.0, 2571.0, 174.0, 2397.0, 30.0, 15.0, 14.0, 8.2, 362.0, 6993.0, 32.0]
VECTOR: [521.0, 3886.0, 5709.0, 345.0, 5364.0, 97.0, 49.0, 48.0, 31.0, 1260.0, 24340.0, 137.0]
VECTOR: [215.0, 609.0, 997.0, 61.0, 936.0, 12.0, 6.3, 6.1, 6.0, 281.0, 4871.0, 22.0]
VECTOR: [363.0, 1715.0, 2670.0, 173.0, 2497.0, 37.0, 19.0, 18.0, 13.0, 498.0, 9722.0, 48.0]
VECTOR: [104.0, 278.0, 517.0, 41.0, 476.0, 4.1, 2.1, 2.0, 1.6, 290.0, 5149.0, 21.0]
VECTOR: [238.0, 926.0, 1358.0, 164.0, 1194.0, 19.0, 9.8, 9.5, 6.1, 481.0, 8168.0, 36.0]
VECTOR: [329.0, 1049.0, 1548.0, 59.0, 1489.0, 19.0, 9.7, 9.3, 7.6, 411.0, 8253.0, 42.0]
VECTOR: [696.0, 3083.0, 4915.0, 248.0, 4667.0, 70.0, 35.0, 35.0, 29.0, 902.0, 16812.0, 83.0]
VECTOR: [143.0, 742.0, 1124.0, 81.0, 1043.0, 16.0, 7.9, 7.9, 4.7, 589.0, 10283.0, 49.0]
VECTOR: [280.0, 1424.0, 2385.0, 204.0, 2181.0, 33.0, 17.0, 16.0, 13.0, 362.0, 7214.0, 29.0]
VECTOR: [205.0, 1130.0, 1791.0, 145.0, 1646.0, 21.0, 11.0, 10.0, 5.9, 420.0, 8259.0, 43.0]
VECTOR: [303.0, 1481.0, 2284.0, 153.0, 2131.0, 33.0, 17.0, 16.0, 11.0, 617.0, 11604.0, 59.0]
VECTOR: [35.0, 221.0, 420.0, 31.0, 389.0, 3.9, 1.9, 1.9, 1.0, 189.0, 3642.0, 16.0]
VECTOR: [141.0, 635.0, 918.0, 82.0, 836.0, 12.0, 5.9, 5.8, 3.7, 360.0, 6254.0, 26.0]
VECTOR: [484.0, 3017.0, 4886.0, 359.0, 4527.0, 68.0, 34.0, 33.0, 21.0, 918.0, 19812.0, 101.0]
VECTOR: [1023.0, 6605.0, 10772.0, 735.0, 10037.0, 171.0, 87.0, 84.0, 60.0, 1920.0, 49168.0, 181.0]
VECTOR: [74.0, 342.0, 587.0, 40.0, 547.0, 6.4, 3.2, 3.2, 1.9, 233.0, 3506.0, 19.0]
VECTOR: [720.0, 5548.0, 8371.0, 645.0, 7726.0, 138.0, 70.0, 68.0, 50.0, 1257.0, 26218.0, 107.0]
VECTOR: [133.0, 558.0, 814.0, 72.0, 742.0, 10.0, 5.2, 5.1, 2.9, 394.0, 6787.0, 30.0]
VECTOR: [246.0, 939.0, 1629.0, 69.0, 1560.0, 19.0, 9.7, 9.5, 7.3, 429.0, 7875.0, 38.0]
VECTOR: [107.0, 578.0, 970.0, 79.0, 891.0, 11.0, 5.5, 5.3, 3.3, 244.0, 4682.0, 21.0]
VECTOR: [188.0, 1127.0, 1921.0, 110.0, 1811.0, 23.0, 12.0, 11.0, 7.6, 421.0, 6787.0, 40.0]
VECTOR: [104.0, 498.0, 760.0, 72.0, 688.0, 9.6, 4.9, 4.7, 2.7, 223.0, 4169.0, 20.0]
VECTOR: [276.0, 798.0, 1184.0, 82.0, 1102.0, 18.0, 9.1, 8.9, 13.0, 399.0, 8111.0, 33.0]
VECTOR: [226.0, 1323.0, 2234.0, 134.0, 2100.0, 28.0, 14.0, 14.0, 8.9, 483.0, 10818.0, 51.0]
VECTOR: [198.0, 804.0, 1221.0, 98.0, 1123.0, 16.0, 8.3, 8.0, 5.1, 312.0, 5124.0, 25.0]
VECTOR: [154.0, 803.0, 1423.0, 92.0, 1331.0, 15.0, 7.5, 7.2, 4.3, 702.0, 12666.0, 59.0]
VECTOR: [563.0, 3577.0, 5534.0, 361.0, 5173.0, 91.0, 47.0, 45.0, 32.0, 813.0, 17384.0, 79.0]
VECTOR: [179.0, 893.0, 1401.0, 100.0, 1301.0, 18.0, 9.1, 9.0, 5.5, 312.0, 5210.0, 24.0]
VECTOR: [90.0, 433.0, 663.0, 60.0, 603.0, 7.2, 3.7, 3.5, 2.2, 254.0, 5523.0, 23.0]
VECTOR: [193.0, 910.0, 1687.0, 68.0, 1619.0, 19.0, 9.6, 9.4, 7.7, 264.0, 6332.0, 28.0]
VECTOR: [542.0, 2905.0, 5092.0, 441.0, 4651.0, 65.0, 33.0, 32.0, 22.0, 857.0, 15148.0, 67.0]
VECTOR: [182.0, 421.0, 802.0, 25.0, 777.0, 7.3, 3.7, 3.6, 3.7, 214.0, 3601.0, 14.0]
VECTOR: [342.0, 1322.0, 2213.0, 161.0, 2052.0, 25.0, 13.0, 12.0, 9.3, 316.0, 5802.0, 25.0]
VECTOR: [119.0, 514.0, 733.0, 41.0, 692.0, 7.9, 4.0, 4.0, 2.2, 471.0, 7898.0, 33.0]
VECTOR: [119.0, 625.0, 1017.0, 79.0, 938.0, 13.0, 6.3, 6.4, 4.1, 576.0, 9020.0, 50.0]
VECTOR: [56.0, 219.0, 417.0, 31.0, 386.0, 4.2, 2.2, 2.0, 1.3, 257.0, 4436.0, 19.0]
VECTOR: [86.0, 425.0, 601.0, 37.0, 564.0, 6.6, 3.3, 3.3, 1.8, 296.0, 5990.0, 29.0]
VECTOR: [169.0, 772.0, 1202.0, 49.0, 1153.0, 14.0, 7.1, 6.8, 4.6, 208.0, 4445.0, 20.0]
VECTOR: [504.0, 2745.0, 4385.0, 253.0, 4132.0, 59.0, 30.0, 29.0, 19.0, 515.0, 11350.0, 52.0]
VECTOR: [122.0, 350.0, 496.0, 31.0, 465.0, 4.8, 2.4, 2.4, 1.5, 269.0, 5030.0, 25.0]
VECTOR: [68.0, 437.0, 688.0, 48.0, 640.0, 7.8, 4.0, 3.9, 1.9, 354.0, 7092.0, 35.0]
VECTOR: [172.0, 760.0, 1212.0, 94.0, 1118.0, 14.0, 7.0, 6.7, 4.2, 440.0, 7272.0, 32.0]
VECTOR: [201.0, 832.0, 1484.0, 56.0, 1428.0, 17.0, 8.5, 8.2, 6.2, 197.0, 4541.0, 21.0]
VECTOR: [21730.0, 270.0, 419776.0, 156030.0, 263746.0, 277503.0, 241279.0, 5857.0, 30367.0, 6993.0, 3579.0, 3414.0, 6721.0, 47.0, 101.0, 1122.0, 2669.0, 21326.0, 137044.0, 52594.0]
VECTOR: [24021.0, 806.0, 444218.0, 185030.0, 259188.0, 315426.0, 293557.0, 7480.0, 14389.0, 9373.0, 4798.0, 4575.0, 9147.0, 65.0, 50.0, 1502.0, 5000.0, 37646.0, 356757.0, 25491.0]
VECTOR: [20916.0, 215.0, 417553.0, 156444.0, 261109.0, 273811.0, 234443.0, 5235.0, 34133.0, 6677.0, 3416.0, 3261.0, 6393.0, 43.0, 121.0, 1088.0, 2206.0, 18489.0, 117246.0, 55486.0]
VECTOR: [21228.0, 232.0, 418707.0, 156101.0, 262606.0, 275058.0, 236845.0, 5440.0, 32773.0, 6765.0, 3462.0, 3303.0, 6485.0, 44.0, 114.0, 1061.0, 2356.0, 19348.0, 122880.0, 53952.0]
VECTOR: [24058.0, 982.0, 461256.0, 203037.0, 258219.0, 337313.0, 314060.0, 8158.0, 15095.0, 11095.0, 5682.0, 5413.0, 10845.0, 74.0, 69.0, 1683.0, 4874.0, 32242.0, 296927.0, 21218.0]
VECTOR: [22738.0, 385.0, 416833.0, 155274.0, 261559.0, 276083.0, 245910.0, 6467.0, 23706.0, 7197.0, 3680.0, 3517.0, 6961.0, 51.0, 67.0, 1200.0, 3664.0, 28067.0, 190400.0, 59053.0]
VECTOR: [23573.0, 533.0, 407598.0, 153652.0, 253946.0, 271693.0, 246539.0, 7145.0, 18009.0, 7366.0, 3769.0, 3597.0, 7146.0, 56.0, 49.0, 1192.0, 4364.0, 33092.0, 240144.0, 78044.0]
VECTOR: [23893.0, 655.0, 430958.0, 167332.0, 263626.0, 295244.0, 273249.0, 6870.0, 15125.0, 8370.0, 4283.0, 4088.0, 8156.0, 56.0, 44.0, 1300.0, 4726.0, 36621.0, 305625.0, 71047.0]
VECTOR: [23701.0, 1244.0, 467953.0, 203021.0, 264932.0, 350841.0, 327643.0, 8862.0, 14336.0, 11827.0, 6062.0, 5765.0, 11564.0, 80.0, 76.0, 2056.0, 5359.0, 35101.0, 338216.0, 24660.0]
VECTOR: [352.0, 14.0, 5472.0, 2434.0, 3038.0, 3408.0, 2805.0, 203.0, 400.0, 74.0, 38.0, 36.0, 70.0, 1.9, 1.0, 12.0, 101.0, 950.0, 7093.0, 387.0]
VECTOR: [367.0, 10.0, 6990.0, 2895.0, 4095.0, 4425.0, 3536.0, 94.0, 795.0, 98.0, 50.0, 48.0, 94.0, 1.0, 2.5, 17.0, 43.0, 377.0, 2861.0, 385.0]
VECTOR: [321.0, 4.0, 5131.0, 1831.0, 3300.0, 3347.0, 2675.0, 182.0, 490.0, 71.0, 36.0, 35.0, 67.0, 1.5, 1.5, 12.0, 27.0, 137.0, 406.0, 487.0]
VECTOR: [787.0, 3.0, 18429.0, 6795.0, 11634.0, 11793.0, 10089.0, 79.0, 1625.0, 300.0, 154.0, 146.0, 290.0, 0.7, 5.0, 49.0, 47.0, 501.0, 3176.0, 2722.0]
VECTOR: [409.0, 8.0, 7276.0, 2743.0, 4533.0, 4703.0, 3807.0, 129.0, 767.0, 104.0, 54.0, 50.0, 98.0, 1.0, 3.7, 17.0, 37.0, 254.0, 1453.0, 1352.0]
VECTOR: [374.0, 1.0, 7391.0, 2656.0, 4735.0, 4674.0, 4014.0, 63.0, 597.0, 114.0, 58.0, 56.0, 110.0, 0.6, 2.1, 18.0, 31.0, 283.0, 1736.0, 907.0]
VECTOR: [242.0, 3.0, 3088.0, 933.0, 2155.0, 1971.0, 1462.0, 123.0, 386.0, 35.0, 18.0, 17.0, 33.0, 1.1, 0.9, 6.0, 75.0, 305.0, 1691.0, 388.0]
VECTOR: [345.0, 2.0, 5093.0, 1962.0, 3131.0, 3147.0, 2523.0, 211.0, 413.0, 65.0, 33.0, 32.0, 61.0, 1.8, 1.1, 10.0, 79.0, 640.0, 3660.0, 267.0]
VECTOR: [819.0, 1.0, 20260.0, 7580.0, 12680.0, 13233.0, 12174.0, 26.0, 1033.0, 379.0, 194.0, 185.0, 372.0, 0.3, 4.0, 63.0, 1.0, 388.1304347826087, 2445.5434782608695, 2639.0]
VECTOR: [379.0, 1.0, 6977.0, 2475.0, 4502.0, 4424.0, 3760.0, 82.0, 582.0, 107.0, 55.0, 52.0, 102.0, 0.8, 2.4, 17.0, 20.0, 168.0, 857.0, 842.0]
VECTOR: [259.0, 12.0, 3794.0, 1446.0, 2348.0, 2364.0, 1896.0, 135.0, 333.0, 49.0, 25.0, 24.0, 46.0, 1.0, 1.0, 8.0, 43.0, 223.0, 819.0, 478.0]
VECTOR: [132.0, 3.0, 2522.0, 1023.0, 1499.0, 1579.0, 1285.0, 15.0, 279.0, 31.0, 16.0, 15.0, 29.0, 0.2, 0.8, 5.0, 6.0, 25.0, 51.0, 238.0]
VECTOR: [229.0, 1.0, 5316.0, 2000.0, 3316.0, 3510.0, 2911.0, 17.0, 582.0, 83.0, 43.0, 40.0, 80.0, 0.1, 2.2, 14.0, 9.0, 58.0, 142.0, 919.0]
VECTOR: [322.0, 3.0, 6961.0, 2576.0, 4385.0, 4460.0, 3937.0, 37.0, 486.0, 108.0, 55.0, 53.0, 104.0, 0.4, 1.6, 17.0, 18.0, 198.0, 1342.0, 663.0]
VECTOR: [522.0, 1.0, 9443.0, 3088.0, 6355.0, 6395.0, 5323.0, 135.0, 937.0, 153.0, 79.0, 75.0, 146.0, 1.2, 3.5, 26.0, 47.0, 407.0, 2542.0, 1341.0]
VECTOR: [224.0, 4.0, 4190.0, 1434.0, 2756.0, 2670.0, 2243.0, 76.0, 351.0, 62.0, 32.0, 31.0, 60.0, 0.8, 0.8, 10.0, 9.0, 54.0, 277.0, 346.0]
VECTOR: [223.0, 1.0, 3581.0, 1394.0, 2187.0, 2263.0, 1894.0, 44.0, 325.0, 47.0, 24.0, 23.0, 45.0, 0.4, 0.7, 7.0, 10.0, 98.0, 621.0, 224.0]
VECTOR: [216.0, 6.0, 3162.0, 1016.0, 2146.0, 1976.0, 1504.0, 58.0, 414.0, 38.0, 19.0, 18.0, 35.0, 0.3, 1.3, 6.0, 21.0, 137.0, 532.0, 265.0]
VECTOR: [376.0, 5.0, 7452.0, 3183.0, 4269.0, 5091.0, 4297.0, 16.0, 778.0, 116.0, 59.0, 56.0, 111.0, 0.1, 3.4, 19.0, 35.0, 313.0, 1518.0, 1144.0]
VECTOR: [204.0, 2.0, 3169.0, 1105.0, 2064.0, 1976.0, 1710.0, 75.0, 191.0, 44.0, 22.0, 21.0, 42.0, 0.7, 0.6, 7.0, 20.0, 132.0, 662.0, 272.0]
VECTOR: [308.0, 1.0, 5197.0, 1876.0, 3321.0, 3431.0, 2769.0, 131.0, 531.0, 72.0, 37.0, 35.0, 69.0, 0.9, 1.4, 12.0, 51.0, 322.0, 1266.0, 510.0]
VECTOR: [538.0, 4.674418604651163, 10158.0, 3592.0, 6566.0, 6740.0, 5588.0, 50.0, 1102.0, 156.0, 80.0, 76.0, 150.0, 0.6, 4.6, 25.0, 2.0, 14.0, 50.0, 1375.0]
VECTOR: [267.0, 9.0, 4220.0, 1693.0, 2527.0, 2806.0, 2297.0, 106.0, 403.0, 58.0, 30.0, 28.0, 55.0, 1.1, 0.9, 9.0, 30.0, 239.0, 1289.0, 251.0]
VECTOR: [164.0, 10.0, 3344.0, 1228.0, 2116.0, 2067.0, 1682.0, 33.0, 352.0, 48.0, 24.0, 23.0, 46.0, 0.3, 1.1, 8.0, 16.0, 89.0, 352.0, 359.0]
VECTOR: [887.0, 2.0, 24895.0, 8774.0, 16121.0, 16744.0, 14535.0, 3.0, 2206.0, 469.0, 240.0, 228.0, 448.0, 0.0, 9.0, 78.0, 1.0, 7.0, 7.0, 4570.0]
VECTOR: [310.0, 4.674418604651163, 4921.0, 1740.0, 3181.0, 3090.0, 2487.0, 145.0, 458.0, 65.0, 33.0, 32.0, 62.0, 1.4, 1.1, 10.0, 43.0, 418.0, 2828.0, 273.0]
VECTOR: [1121.0, 6.0, 19335.0, 9277.0, 10058.0, 12145.0, 9024.0, 739.0, 2382.0, 257.0, 131.0, 126.0, 243.0, 5.1, 7.2, 41.0, 422.0, 4423.0, 30042.0, 2279.0]
VECTOR: [273.0, 1.0, 5816.0, 1841.0, 3975.0, 3831.0, 3265.0, 135.0, 431.0, 99.0, 51.0, 48.0, 94.0, 1.0, 2.0, 17.0, 90.0, 914.0, 8825.0, 1388.0]
VECTOR: [1028.0, 5.0, 27215.0, 9780.0, 17435.0, 17911.0, 14404.0, 27.0, 3480.0, 456.0, 233.0, 223.0, 431.0, 0.2, 16.0, 75.0, 1.0, 6.0, 4.0, 5606.0]
VECTOR: [177.0, 2.0, 3663.0, 1217.0, 2446.0, 2362.0, 1946.0, 13.0, 403.0, 53.0, 27.0, 26.0, 51.0, 0.1, 1.1, 9.0, 17.0, 106.0, 583.0, 362.0]
VECTOR: [827.0, 3.0, 18227.0, 6701.0, 11526.0, 12448.0, 11040.0, 32.0, 1376.0, 323.0, 165.0, 158.0, 313.0, 0.3, 5.8, 53.0, 1.0, 11.0, 43.0, 3216.0]
VECTOR: [749.0, 6.0, 16239.0, 5630.0, 10609.0, 10651.0, 9368.0, 72.0, 1211.0, 274.0, 140.0, 134.0, 265.0, 0.5, 5.0, 47.0, 20.0, 143.0, 582.0, 2641.0]
VECTOR: [217.0, 4.674418604651163, 4902.0, 1977.0, 2925.0, 3262.0, 2582.0, 15.0, 665.0, 73.0, 37.0, 36.0, 67.0, 0.1, 2.0, 12.0, 17.0, 132.0, 521.0, 761.0]
VECTOR: [409.0, 4.0, 8613.0, 3209.0, 5404.0, 5394.0, 4697.0, 36.0, 661.0, 132.0, 68.0, 65.0, 125.0, 0.3, 2.0, 22.0, 29.0, 213.0, 792.0, 1080.0]
VECTOR: [1355.0, 4.674418604651163, 32658.0, 12315.0, 20343.0, 19140.0, 18283.0, 8.0, 849.0, 588.0, 301.0, 287.0, 553.0, 0.0, 5.4, 101.0, 15.0, 193.0, 1318.0, 4458.0]
VECTOR: [495.0, 2.0, 8389.0, 3214.0, 5175.0, 5432.0, 4479.0, 135.0, 818.0, 116.0, 59.0, 57.0, 110.0, 1.4, 3.4, 19.0, 82.0, 836.0, 6265.0, 570.0]
VECTOR: [242.0, 5.0, 4140.0, 1627.0, 2513.0, 2702.0, 2233.0, 130.0, 339.0, 62.0, 32.0, 30.0, 59.0, 1.0, 1.2, 11.0, 39.0, 269.0, 1317.0, 321.0]
VECTOR: [472.0, 5.0, 7201.0, 2605.0, 4596.0, 4721.0, 4103.0, 215.0, 403.0, 98.0, 50.0, 48.0, 93.0, 2.0, 1.6, 15.0, 55.0, 481.0, 2935.0, 698.0]
VECTOR: [195.0, 1.0, 3651.0, 1232.0, 2419.0, 2322.0, 1970.0, 25.0, 327.0, 55.0, 28.0, 27.0, 54.0, 0.2, 0.9, 9.0, 2.0, 16.0, 105.0, 340.0]
VECTOR: [980.0, 4.0, 23170.0, 8342.0, 14828.0, 15588.0, 13765.0, 45.0, 1778.0, 417.0, 213.0, 204.0, 408.0, 0.3, 6.1, 70.0, 34.0, 349.0, 1599.0, 3167.0]
VECTOR: [213.0, 3.0, 3219.0, 1236.0, 1983.0, 1979.0, 1511.0, 133.0, 335.0, 36.0, 18.0, 18.0, 34.0, 1.2, 0.7, 6.0, 57.0, 512.0, 2850.0, 259.0]
VECTOR: [543.0, 7.0, 7402.0, 3485.0, 3917.0, 4564.0, 3505.0, 524.0, 535.0, 91.0, 47.0, 45.0, 84.0, 3.8, 1.9, 15.0, 230.0, 1821.0, 12290.0, 537.0]
VECTOR: [186.0, 5.0, 3186.0, 1246.0, 1940.0, 2041.0, 1708.0, 39.0, 294.0, 44.0, 23.0, 21.0, 42.0, 0.3, 0.7, 7.0, 13.0, 102.0, 437.0, 380.0]
VECTOR: [395.0, 10.0, 7098.0, 2599.0, 4499.0, 4508.0, 3730.0, 101.0, 677.0, 99.0, 51.0, 49.0, 95.0, 0.9, 2.5, 16.0, 31.0, 160.0, 774.0, 859.0]
VECTOR: [398.0, 11.0, 7957.0, 3296.0, 4661.0, 5102.0, 4216.0, 73.0, 813.0, 121.0, 62.0, 59.0, 117.0, 0.6, 1.9, 20.0, 37.0, 280.0, 1357.0, 1105.0]
VECTOR: [289.0, 9.0, 4505.0, 1634.0, 2871.0, 2836.0, 2360.0, 134.0, 342.0, 61.0, 31.0, 30.0, 58.0, 1.1, 1.0, 10.0, 52.0, 304.0, 1304.0, 409.0]
VECTOR: [511.0, 5.0, 11457.0, 4665.0, 6792.0, 7526.0, 6834.0, 91.0, 601.0, 200.0, 103.0, 97.0, 194.0, 0.8, 2.9, 33.0, 31.0, 234.0, 1321.0, 1446.0]
VECTOR: [11028.0, 103.0, 285123.0, 188409.0, 96714.0, 156516.0, 149266.0, 312.0, 6938.0, 5990.0, 3068.0, 2922.0, 5742.0, 2.2, 34.0, 2047.0, 1882.0, 1772.0, 1618.0, 14998.0, 124494.0, 49948.0]
VECTOR: [11194.0, 80.0, 271020.0, 164683.0, 106337.0, 137075.0, 129674.0, 234.0, 7167.0, 4570.0, 2339.0, 2232.0, 4277.0, 1.3, 22.0, 1513.0, 1622.0, 1568.0, 1714.0, 18271.0, 142008.0, 116778.0]
VECTOR: [10960.0, 75.0, 248694.0, 146603.0, 102091.0, 118182.0, 107649.0, 225.0, 10308.0, 3626.0, 1854.0, 1772.0, 3320.0, 1.3, 29.0, 1200.0, 1236.0, 1207.0, 1444.0, 15252.0, 94146.0, 128596.0]
VECTOR: [10547.0, 81.0, 254235.0, 146114.0, 108121.0, 122915.0, 107113.0, 192.0, 15610.0, 3536.0, 1809.0, 1727.0, 3201.0, 1.0, 54.0, 1168.0, 1185.0, 1166.0, 1073.0, 11488.0, 59476.0, 125465.0]
VECTOR: [10650.0, 130.0, 251279.0, 170811.0, 80468.0, 136465.0, 129418.0, 322.0, 6725.0, 5094.0, 2607.0, 2488.0, 4870.0, 2.3, 37.0, 1854.0, 1723.0, 1624.0, 1801.0, 16825.0, 144402.0, 29653.0]
VECTOR: [10617.0, 82.0, 253753.0, 146409.0, 107344.0, 122445.0, 107384.0, 191.0, 14870.0, 3553.0, 1816.0, 1737.0, 3219.0, 1.0, 50.0, 1174.0, 1195.0, 1175.0, 1101.0, 11772.0, 61622.0, 121509.0]
VECTOR: [11182.0, 93.0, 286065.0, 182058.0, 104007.0, 152466.0, 145267.0, 304.0, 6895.0, 5369.0, 2748.0, 2621.0, 5102.0, 2.0, 27.0, 1733.0, 1982.0, 1884.0, 1810.0, 18628.0, 164079.0, 66435.0]
VECTOR: [11140.0, 69.0, 257605.0, 153290.0, 104315.0, 126643.0, 118162.0, 234.0, 8247.0, 4104.0, 2100.0, 2004.0, 3811.0, 1.5, 23.0, 1326.0, 1465.0, 1421.0, 1633.0, 17519.0, 123875.0, 145526.0]
VECTOR: [10735.0, 80.0, 250899.0, 145744.0, 105155.0, 121070.0, 107225.0, 202.0, 13643.0, 3558.0, 1817.0, 1741.0, 3225.0, 1.2, 44.0, 1185.0, 1228.0, 1204.0, 1183.0, 12563.0, 68270.0, 124544.0]
VECTOR: [135.0, 2.0, 2448.0, 1394.0, 1054.0, 1060.0, 906.0, 3.0, 151.0, 29.0, 14.0, 14.0, 25.0, 0.0, 0.4, 9.3, 10.0, 9.9, 17.0, 119.0, 389.0, 1074.0]
VECTOR: [244.0, 4.0, 4388.0, 2589.0, 1799.0, 1710.0, 1446.0, 29.0, 235.0, 48.0, 25.0, 23.0, 45.0, 0.1, 0.7, 16.0, 16.0, 16.0, 97.0, 919.0, 5885.0, 1603.0]
VECTOR: [98.0, 1.0, 2280.0, 1202.0, 1078.0, 927.0, 764.0, 3.0, 160.0, 27.0, 14.0, 13.0, 25.0, 0.0, 0.4, 8.8, 9.1, 8.8, 7.0, 65.0, 109.0, 974.0]
VECTOR: [197.0, 3.0, 4900.0, 3167.0, 1733.0, 2369.0, 1948.0, 2.0, 419.0, 62.0, 32.0, 30.0, 58.0, 0.0, 2.0, 21.0, 21.0, 21.0, 20.0, 207.0, 770.0, 2545.0]
VECTOR: [237.0, 1.0, 5087.0, 2961.0, 2126.0, 2302.0, 1905.0, 4.0, 393.0, 62.0, 32.0, 30.0, 59.0, 0.0, 1.6, 21.0, 22.0, 21.0, 33.0, 392.0, 2745.0, 1774.0]
VECTOR: [238.0, 2.189189189189189, 6192.0, 3547.0, 2645.0, 2868.0, 2368.0, 2.0, 498.0, 84.0, 43.0, 41.0, 77.0, 0.0, 2.1, 28.0, 28.0, 28.0, 1.0, 12.0, 6.0, 3063.0]
VECTOR: [168.0, 2.189189189189189, 3272.0, 1802.0, 1470.0, 1449.0, 1200.0, 6.0, 243.0, 38.0, 19.0, 18.0, 36.0, 0.0, 0.5, 12.0, 13.0, 13.0, 32.0, 341.0, 1586.0, 1059.0]
VECTOR: [450.0, 1.0, 12298.0, 7285.0, 5013.0, 5813.0, 5278.0, 2.0, 533.0, 196.0, 101.0, 95.0, 184.0, 0.0, 2.1, 65.0, 66.0, 65.0, 1.0, 9.0, 9.0, 6265.0]
VECTOR: [107.0, 2.189189189189189, 3101.0, 1795.0, 1306.0, 1524.0, 1287.0, 6.0, 237.0, 43.0, 22.0, 21.0, 40.0, 0.02333333333333333, 0.9, 14.0, 15.0, 14.0, 3.0, 17.0, 23.0, 1711.0]
VECTOR: [439.0, 4.0, 13705.0, 7915.0, 5790.0, 6795.0, 6011.0, 2.0, 782.0, 219.0, 113.0, 107.0, 205.0, 0.0, 3.0, 72.0, 74.0, 73.0, 13.0, 162.0, 741.0, 7787.0]
VECTOR: [130.0, 1.0, 2192.0, 1122.0, 1070.0, 781.0, 606.0, 2.0, 173.0, 20.0, 10.0, 9.6, 16.0, 0.0, 0.3, 6.6, 6.6, 6.5, 39.0, 288.0, 987.0, 907.0]
VECTOR: [173.0, 2.0, 4210.0, 2547.0, 1663.0, 1939.0, 1684.0, 1.0, 254.0, 57.0, 29.0, 28.0, 55.0, 0.0, 0.9, 19.0, 19.0, 19.0, 11.0, 129.0, 817.0, 1641.0]
VECTOR: [192.0, 2.0, 3478.0, 1820.0, 1658.0, 1462.0, 1248.0, 8.0, 206.0, 41.0, 21.0, 20.0, 38.0, 0.0, 0.5, 13.0, 14.0, 14.0, 51.0, 596.0, 3960.0, 1252.0]
VECTOR: [63.0, 2.0, 1510.0, 900.0, 610.0, 668.0, 538.0, 1.0, 129.0, 16.0, 8.4, 8.0, 15.0, 0.0, 0.4, 5.4, 5.4, 5.4, 22.955555555555556, 246.57777777777778, 1251.3777777777777, 620.0]
VECTOR: [178.0, 2.0, 4145.0, 2417.0, 1728.0, 1832.0, 1489.0, 1.0, 342.0, 52.0, 26.0, 25.0, 49.0, 0.0, 1.0, 17.0, 18.0, 17.0, 20.0, 269.0, 1413.0, 1475.0]
VECTOR: [533.0, 1.0, 17025.0, 9277.0, 7748.0, 7635.0, 6231.0, 2.0, 1402.0, 249.0, 127.0, 122.0, 219.0, 0.0, 5.6, 82.0, 86.0, 84.0, 22.955555555555556, 246.57777777777778, 1251.3777777777777, 12477.0]
VECTOR: [101.0, 2.0, 1940.0, 1110.0, 830.0, 808.0, 639.0, 6.0, 169.0, 19.0, 9.9, 9.5, 18.0, 0.02333333333333333, 0.4, 6.5, 6.5, 6.4, 30.0, 345.0, 1790.0, 695.0]
VECTOR: [118.0, 2.189189189189189, 2988.0, 1793.0, 1195.0, 1350.0, 1080.0, 6.0, 270.0, 40.0, 21.0, 19.0, 34.0, 0.02333333333333333, 0.8, 13.0, 14.0, 14.0, 13.0, 140.0, 376.0, 1680.0]
VECTOR: [90.0, 3.0, 1884.0, 919.0, 965.0, 826.0, 655.0, 2.0, 169.0, 21.0, 11.0, 10.0, 19.0, 0.0, 0.5, 6.9, 7.2, 7.1, 10.0, 89.0, 246.0, 754.0]
VECTOR: [172.0, 4.0, 4132.0, 2297.0, 1835.0, 1870.0, 1589.0, 6.0, 281.0, 53.0, 27.0, 26.0, 49.0, 0.02333333333333333, 1.0, 17.0, 18.0, 18.0, 13.0, 110.0, 455.0, 1703.0]
VECTOR: [194.0, 1.0, 4511.0, 2741.0, 1770.0, 2097.0, 1799.0, 6.0, 298.0, 61.0, 31.0, 30.0, 58.0, 0.02333333333333333, 1.0, 20.0, 21.0, 21.0, 17.0, 171.0, 785.0, 1999.0]
VECTOR: [294.0, 1.0, 7038.0, 4403.0, 2635.0, 3491.0, 3153.0, 6.0, 338.0, 106.0, 54.0, 52.0, 98.0, 0.02333333333333333, 1.5, 35.0, 36.0, 35.0, 15.0, 154.0, 702.0, 3519.0]
VECTOR: [238.0, 2.189189189189189, 4693.0, 2723.0, 1970.0, 2238.0, 1997.0, 8.0, 233.0, 56.0, 29.0, 27.0, 54.0, 0.0, 0.8, 18.0, 20.0, 19.0, 37.0, 368.0, 1634.0, 1866.0]
VECTOR: [81.0, 4.0, 1900.0, 1116.0, 784.0, 913.0, 820.0, 6.0, 93.0, 23.0, 12.0, 12.0, 22.0, 0.02333333333333333, 0.3, 7.8, 8.2, 8.1, 15.0, 88.0, 273.0, 709.0]
VECTOR: [145.0, 2.189189189189189, 2905.0, 1642.0, 1263.0, 1186.0, 987.0, 10.0, 189.0, 33.0, 17.0, 16.0, 30.0, 0.1, 0.5, 11.0, 11.0, 11.0, 19.0, 203.0, 985.0, 998.0]
VECTOR: [79.0, 2.189189189189189, 2183.0, 1133.0, 1050.0, 959.0, 801.0, 6.0, 158.0, 28.0, 15.0, 14.0, 26.0, 0.02333333333333333, 0.4, 9.3, 9.7, 9.4, 9.0, 49.0, 115.0, 956.0]
VECTOR: [635.0, 6.0, 12318.0, 7810.0, 4508.0, 5556.0, 4303.0, 42.0, 1211.0, 137.0, 70.0, 67.0, 129.0, 0.2, 3.4, 46.0, 48.0, 47.0, 239.0, 3028.0, 15772.0, 4475.0]
VECTOR: [200.0, 1.0, 5369.0, 3113.0, 2256.0, 2236.0, 1929.0, 4.0, 303.0, 72.0, 36.0, 36.0, 62.0, 0.0, 1.0, 24.0, 25.0, 24.0, 11.0, 86.0, 344.0, 2535.0]
VECTOR: [212.0, 3.0, 4930.0, 2753.0, 2177.0, 2320.0, 1928.0, 1.0, 391.0, 64.0, 33.0, 31.0, 62.0, 0.0, 0.9, 21.0, 22.0, 22.0, 9.0, 98.0, 382.0, 2530.0]
VECTOR: [170.0, 2.0, 3235.0, 1778.0, 1457.0, 1394.0, 1172.0, 3.0, 219.0, 36.0, 19.0, 18.0, 35.0, 0.0, 0.6, 12.0, 13.0, 12.0, 31.0, 337.0, 1774.0, 856.0]
VECTOR: [139.0, 1.0, 3042.0, 1702.0, 1340.0, 1326.0, 1105.0, 6.0, 221.0, 37.0, 19.0, 18.0, 35.0, 0.02333333333333333, 0.6, 12.0, 13.0, 13.0, 16.0, 148.0, 585.0, 1166.0]
VECTOR: [388.0, 3.0, 10890.0, 6389.0, 4501.0, 4771.0, 4091.0, 6.0, 680.0, 159.0, 81.0, 78.0, 144.0, 0.02333333333333333, 2.0, 52.0, 55.0, 54.0, 15.0, 219.0, 1723.0, 6669.0]
VECTOR: [103.0, 3.0, 2510.0, 1408.0, 1102.0, 1269.0, 1075.0, 4.0, 190.0, 32.0, 16.0, 16.0, 31.0, 0.0, 0.5, 11.0, 11.0, 11.0, 7.0, 70.0, 389.0, 801.0]
VECTOR: [122.0, 1.0, 2329.0, 1381.0, 948.0, 1115.0, 947.0, 6.0, 168.0, 26.0, 13.0, 13.0, 26.0, 0.02333333333333333, 0.3, 8.6, 9.3, 9.2, 7.0, 76.0, 422.0, 792.0]
VECTOR: [155.0, 1.0, 3685.0, 1865.0, 1820.0, 1665.0, 1453.0, 17.0, 195.0, 51.0, 26.0, 25.0, 47.0, 0.1, 0.8, 17.0, 17.0, 16.0, 58.0, 636.0, 4219.0, 1915.0]
VECTOR: [274.0, 2.189189189189189, 5559.0, 3124.0, 2435.0, 2526.0, 2135.0, 6.0, 391.0, 80.0, 41.0, 39.0, 70.0, 0.02333333333333333, 1.2, 27.0, 27.0, 27.0, 20.0, 235.0, 1018.0, 2940.0]
VECTOR: [407.0, 2.189189189189189, 10900.0, 6372.0, 4528.0, 5236.0, 4621.0, 6.0, 615.0, 165.0, 85.0, 80.0, 152.0, 0.02333333333333333, 2.6, 55.0, 56.0, 55.0, 2.0, 23.0, 70.0, 5884.0]
VECTOR: [816.0, 1.0, 19491.0, 11060.0, 8431.0, 7368.0, 6819.0, 11.0, 538.0, 312.0, 158.0, 154.0, 230.0, 0.2, 3.5, 103.0, 105.0, 103.0, 15.0, 214.0, 581.0, 9736.0]
VECTOR: [82.0, 1.0, 2183.0, 1166.0, 1017.0, 1018.0, 879.0, 1.0, 138.0, 30.0, 16.0, 15.0, 29.0, 0.0, 0.4, 10.0, 10.0, 10.0, 2.0, 18.0, 60.0, 833.0]
VECTOR: [94.0, 3.0, 1944.0, 1134.0, 810.0, 924.0, 774.0, 6.0, 150.0, 25.0, 13.0, 12.0, 23.0, 0.02333333333333333, 0.3, 8.0, 8.3, 8.2, 6.0, 57.0, 141.0, 986.0]
VECTOR: [368.0, 3.0, 9737.0, 5368.0, 4369.0, 4467.0, 3912.0, 6.0, 555.0, 141.0, 72.0, 69.0, 131.0, 0.02333333333333333, 2.0, 47.0, 48.0, 47.0, 10.0, 95.0, 245.0, 5529.0]
VECTOR: [169.0, 2.189189189189189, 4167.0, 2284.0, 1883.0, 1942.0, 1626.0, 6.0, 316.0, 56.0, 28.0, 27.0, 51.0, 0.02333333333333333, 1.4, 18.0, 19.0, 19.0, 15.0, 159.0, 708.0, 2364.0]
VECTOR: [91.0, 4.0, 2344.0, 1250.0, 1094.0, 1118.0, 967.0, 2.0, 149.0, 33.0, 17.0, 16.0, 32.0, 0.0, 0.3, 11.0, 11.0, 11.0, 5.0, 43.0, 161.0, 1105.0]
VECTOR: [139.0, 1.0, 2707.0, 1592.0, 1115.0, 1204.0, 1045.0, 6.0, 159.0, 32.0, 16.0, 16.0, 30.0, 0.02333333333333333, 0.5, 11.0, 11.0, 11.0, 20.0, 148.0, 553.0, 1156.0]
VECTOR: [476.0, 2.0, 14634.0, 8369.0, 6265.0, 6792.0, 5801.0, 4.0, 987.0, 236.0, 121.0, 116.0, 205.0, 0.0, 3.9, 79.0, 80.0, 79.0, 1.0, 7.0, 7.0, 8775.0]
VECTOR: [172.0, 2.0, 4243.0, 2352.0, 1891.0, 2054.0, 1768.0, 1.0, 285.0, 56.0, 29.0, 27.0, 53.0, 0.0, 1.1, 19.0, 19.0, 19.0, 9.0, 85.0, 221.0, 1955.0]
VECTOR: [170.0, 2.0, 3210.0, 1797.0, 1413.0, 1491.0, 1252.0, 2.0, 237.0, 38.0, 19.0, 19.0, 36.0, 0.0, 0.7, 13.0, 13.0, 13.0, 12.0, 72.0, 136.0, 1357.0]
VECTOR: [4946.0, 262.0, 283871.0, 243592.0, 200001.0, 43591.0, 4622.0, 2330.0, 2292.0, 1628.0, 1399.0, 446.0]
VECTOR: [5018.0, 98.0, 307812.0, 238929.0, 168652.0, 70277.0, 3369.0, 1703.0, 1665.0, 1166.0, 1069.0, 581.0]
VECTOR: [5342.0, 164.0, 346278.0, 286006.0, 227341.0, 58665.0, 5623.0, 2830.0, 2794.0, 1871.0, 1767.0, 540.0]
VECTOR: [4893.0, 88.0, 307346.0, 235062.0, 162968.0, 72094.0, 3320.0, 1672.0, 1647.0, 1125.0, 1088.0, 579.0]
VECTOR: [5304.0, 114.0, 318784.0, 251408.0, 181933.0, 69475.0, 3605.0, 1828.0, 1778.0, 1184.0, 1203.0, 568.0]
VECTOR: [4930.0, 92.0, 308424.0, 237224.0, 165440.0, 71784.0, 3356.0, 1692.0, 1664.0, 1135.0, 1053.0, 563.0]
VECTOR: [5354.0, 147.0, 342672.0, 281117.0, 215792.0, 65325.0, 4725.0, 2374.0, 2351.0, 1552.0, 1591.0, 598.0]
VECTOR: [5250.0, 203.0, 316536.0, 266809.0, 216824.0, 49985.0, 5178.0, 2609.0, 2568.0, 1771.0, 1374.0, 419.0]
VECTOR: [5345.0, 133.0, 331594.0, 269027.0, 200180.0, 68847.0, 4165.0, 2091.0, 2075.0, 1400.0, 1329.0, 600.0]
VECTOR: [58.0, 1.0, 3368.0, 2872.0, 1954.0, 918.0, 40.0, 20.0, 19.0, 14.0, 12.0, 6.7]
VECTOR: [120.0, 1.0, 6463.0, 5710.0, 3996.0, 1714.0, 79.0, 40.0, 39.0, 27.0, 25.0, 12.0]
VECTOR: [59.0, 3.0, 2854.0, 2625.0, 1842.0, 783.0, 32.0, 16.0, 16.0, 11.0, 11.0, 4.7]
VECTOR: [37.0, 2.0, 2062.0, 1762.0, 1230.0, 532.0, 23.0, 12.0, 12.0, 7.9, 7.5, 4.0]
VECTOR: [95.0, 3.0, 5126.0, 4573.0, 3337.0, 1236.0, 62.0, 31.0, 30.0, 21.0, 20.0, 9.5]
VECTOR: [58.0, 4.0, 3042.0, 2698.0, 1869.0, 829.0, 33.0, 16.0, 17.0, 11.0, 10.0, 4.7]
VECTOR: [44.0, 2.0, 2369.0, 2045.0, 1246.0, 799.0, 20.0, 10.0, 9.8, 6.4, 6.4, 2.9]
VECTOR: [81.0, 3.033333333333333, 4291.0, 3861.0, 2765.0, 1096.0, 53.0, 27.0, 26.0, 18.0, 17.0, 8.7]
VECTOR: [76.0, 3.033333333333333, 4346.0, 3754.0, 2541.0, 1213.0, 54.0, 28.0, 27.0, 18.0, 17.0, 8.8]
VECTOR: [44.0, 3.033333333333333, 2400.0, 2002.0, 1338.0, 664.0, 26.0, 14.0, 12.0, 8.7, 8.7, 4.9]
VECTOR: [196.0, 3.033333333333333, 13085.0, 11142.0, 7885.0, 3257.0, 179.0, 92.0, 87.0, 61.0, 55.0, 31.0]
VECTOR: [88.0, 3.033333333333333, 5064.0, 4055.0, 2816.0, 1239.0, 55.0, 28.0, 28.0, 19.0, 17.0, 8.7]
VECTOR: [51.0, 2.0, 2636.0, 2316.0, 1445.0, 871.0, 29.0, 15.0, 14.0, 9.6, 9.1, 4.7]
VECTOR: [128.0, 1.0, 6713.0, 5360.0, 3678.0, 1682.0, 74.0, 37.0, 37.0, 25.0, 23.0, 14.0]
VECTOR: [52.0, 1.0, 2884.0, 2680.0, 1861.0, 819.0, 33.0, 17.0, 16.0, 11.0, 11.0, 4.6]
VECTOR: [74.0, 4.0, 4222.0, 3883.0, 2630.0, 1253.0, 50.0, 25.0, 24.0, 17.0, 16.0, 7.2]
VECTOR: [99.0, 3.0, 5099.0, 4502.0, 3380.0, 1122.0, 59.0, 30.0, 29.0, 20.0, 19.0, 9.0]
VECTOR: [51.0, 2.0, 2819.0, 2633.0, 1829.0, 804.0, 38.0, 19.0, 19.0, 13.0, 12.0, 6.8]
VECTOR: [46.0, 2.0, 2012.0, 1779.0, 1245.0, 534.0, 19.0, 9.7, 9.2, 6.4, 6.2, 2.9]
VECTOR: [55.0, 2.0, 2457.0, 2281.0, 1545.0, 736.0, 27.0, 13.0, 13.0, 8.9, 9.1, 4.0]
VECTOR: [210.0, 2.0, 12860.0, 10317.0, 7182.0, 3135.0, 145.0, 72.0, 73.0, 50.0, 45.0, 27.0]
VECTOR: [44.0, 6.0, 2697.0, 2269.0, 1485.0, 784.0, 29.0, 14.0, 14.0, 9.5, 8.9, 4.4]
VECTOR: [290.0, 3.033333333333333, 11752.0, 10909.0, 8590.0, 2319.0, 135.0, 68.0, 67.0, 45.0, 44.0, 18.0]
VECTOR: [257.0, 3.033333333333333, 17866.0, 14901.0, 9985.0, 4916.0, 237.0, 119.0, 118.0, 82.0, 71.0, 42.0]
VECTOR: [32.0, 3.033333333333333, 1586.0, 1386.0, 968.0, 418.0, 16.0, 7.8, 7.7, 5.2, 4.9, 2.1]
VECTOR: [56.0, 3.033333333333333, 2836.0, 2475.0, 1698.0, 777.0, 32.0, 16.0, 16.0, 11.0, 10.0, 5.5]
VECTOR: [35.0, 3.0, 2067.0, 1715.0, 936.0, 779.0, 20.0, 9.8, 10.0, 6.8, 6.6, 3.3]
VECTOR: [94.0, 3.033333333333333, 4785.0, 4362.0, 3037.0, 1325.0, 48.0, 24.0, 24.0, 16.0, 15.0, 6.3]
VECTOR: [96.0, 8.0, 5938.0, 5245.0, 3611.0, 1634.0, 72.0, 36.0, 36.0, 25.0, 22.0, 15.0]
VECTOR: [71.0, 1.0, 4711.0, 3748.0, 2507.0, 1241.0, 51.0, 26.0, 25.0, 17.0, 16.0, 8.1]
VECTOR: [431.0, 3.033333333333333, 22052.0, 19059.0, 12769.0, 6290.0, 316.0, 155.0, 161.0, 108.0, 99.0, 65.0]
VECTOR: [61.0, 5.0, 3086.0, 2837.0, 1951.0, 886.0, 36.0, 18.0, 18.0, 12.0, 12.0, 5.9]
VECTOR: [137.0, 3.0, 8093.0, 6955.0, 5009.0, 1946.0, 101.0, 52.0, 49.0, 34.0, 32.0, 17.0]
VECTOR: [79.0, 3.033333333333333, 3608.0, 3317.0, 2283.0, 1034.0, 41.0, 21.0, 20.0, 14.0, 13.0, 5.7]
VECTOR: [106.0, 5.0, 4753.0, 4365.0, 2957.0, 1408.0, 55.0, 28.0, 27.0, 19.0, 18.0, 8.0]
VECTOR: [185.0, 3.033333333333333, 10640.0, 9635.0, 6956.0, 2679.0, 153.0, 78.0, 75.0, 52.0, 48.0, 26.0]
VECTOR: [102.0, 3.0, 5332.0, 4565.0, 3147.0, 1418.0, 62.0, 31.0, 30.0, 21.0, 20.0, 9.2]
VECTOR: [81.0, 3.033333333333333, 4617.0, 4077.0, 2783.0, 1294.0, 57.0, 29.0, 28.0, 19.0, 18.0, 10.0]
VECTOR: [45.0, 3.033333333333333, 2333.0, 2135.0, 1419.0, 716.0, 26.0, 13.0, 13.0, 8.6, 8.3, 3.5]
VECTOR: [219.0, 1.0, 15988.0, 12349.0, 8477.0, 3872.0, 199.0, 99.0, 100.0, 69.0, 61.0, 36.0]
VECTOR: [74.0, 8.0, 3386.0, 3163.0, 2174.0, 989.0, 38.0, 19.0, 19.0, 13.0, 13.0, 5.4]
VECTOR: [78.0, 3.0, 3310.0, 3091.0, 2156.0, 935.0, 36.0, 18.0, 18.0, 12.0, 12.0, 5.0]
VECTOR: [163.0, 2.0, 9538.0, 8654.0, 5852.0, 2802.0, 133.0, 66.0, 67.0, 45.0, 42.0, 22.0]
VECTOR: [74.0, 7.0, 3508.0, 2965.0, 2052.0, 913.0, 35.0, 18.0, 18.0, 12.0, 11.0, 4.7]
VECTOR: [42.0, 3.033333333333333, 2594.0, 2166.0, 1328.0, 838.0, 26.0, 13.0, 13.0, 9.1, 8.2, 4.2]
VECTOR: [64.0, 3.033333333333333, 4043.0, 3665.0, 2038.0, 1627.0, 47.0, 24.0, 23.0, 16.0, 15.0, 5.5]
VECTOR: [234.0, 1.0, 15040.0, 12448.0, 8694.0, 3754.0, 205.0, 104.0, 102.0, 70.0, 63.0, 39.0]
VECTOR: [2044.0, 2097.0, 2097.0, 2135.0, 2095.0, 2178.0, 2129.0, 2178.0, 2113.0, 2178.0, 1944.0, 1955.0, 1886.0, 1955.0]
VECTOR: [1990.0, 1858.0, 2025.0, 1878.0, 2084.0, 1905.0, 2080.0, 1955.0, 2035.0, 1955.0, 1836.0, 1728.0, 1878.0, 1728.0]
VECTOR: [1942.0, 2090.0, 1980.0, 2138.0, 1956.0, 2163.0, 1944.0, 2163.0, 2019.0, 2113.0, 1897.0, 2050.0, 1858.0, 1913.0]
VECTOR: [2104.0, 2062.0, 2103.0, 2008.0, 2149.0, 2051.0, 2149.0, 2027.0, 2153.0, 2198.0, 2035.0, 2198.0, 2032.0, 1892.0]
VECTOR: [1906.0, 2057.0, 1965.0, 2208.0, 2088.0, 2152.0, 1944.0, 2103.0, 1957.0, 2008.0, 1704.0, 1972.0, 1779.0, 1898.0]
VECTOR: [2166.0, 1884.0, 2217.0, 1953.0, 2311.0, 2018.0, 2295.0, 2018.0, 2230.0, 1990.0, 2025.0, 1663.0, 1919.0, 1663.0]
VECTOR: [1852.0, 2151.0, 1905.0, 2128.0, 1953.0, 2195.0, 1894.0, 2245.0, 1981.0, 2245.0, 1726.0, 2195.0, 1655.0, 1898.0]
VECTOR: [2163.0, 2032.0, 2160.0, 2100.0, 2207.0, 2038.0, 2217.0, 2038.0, 2222.0, 2038.0, 2183.0, 2000.0, 1991.0, 1975.0]
VECTOR: [1912.0, 2137.0, 1948.0, 2115.0, 1991.0, 2208.0, 1979.0, 2208.0, 1989.0, 2208.0, 1873.0, 2036.0, 1693.0, 2046.0]
VECTOR: [1974.0, 2242.0, 1980.0, 2288.0, 2130.0, 2275.0, 1982.0, 2275.0, 1956.0, 2275.0, 1898.0, 2225.0, 1897.0, 2113.0]
VECTOR: [1899.0, 2160.0, 1939.0, 2183.0, 2018.0, 2230.0, 1947.0, 2225.0, 1947.0, 2225.0, 1812.0, 2093.0, 1729.0, 2003.0]
VECTOR: [1939.0, 2082.0, 2113.0, 2219.0, 2379.0, 2183.0, 1907.0, 2183.0, 1835.0, 2232.0, 1691.0, 1859.0, 1707.0, 1814.0]
VECTOR: [1943.0, 2112.0, 2005.0, 2116.0, 1959.0, 2179.0, 1959.0, 2179.0, 1959.0, 2179.0, 1888.0, 2009.0, 1888.0, 2009.0]
VECTOR: [1907.0, 1956.0, 1955.0, 1950.0, 2004.0, 1983.0, 1985.0, 1983.0, 1900.0, 1983.0, 1807.0, 1962.0, 1790.0, 1875.0]
VECTOR: [2232.0, 1983.0, 2214.0, 2023.0, 2276.0, 2038.0, 2276.0, 2038.0, 2223.0, 2013.0, 2223.0, 1941.0, 2179.0, 1844.0]
VECTOR: [1957.0, 2043.0, 1930.0, 2100.0, 2025.0, 2113.0, 2063.0, 2113.0, 2061.0, 2113.0, 1831.0, 1908.0, 1831.0, 1908.0]
VECTOR: [1882.0, 2215.0, 1923.0, 2200.0, 2041.0, 2318.0, 1868.0, 2280.0, 1908.0, 2280.0, 1754.0, 2106.0, 1800.0, 2106.0]
VECTOR: [1993.0, 2418.0, 2003.0, 2435.0, 2086.0, 2471.0, 2086.0, 2471.0, 2086.0, 2385.0, 1908.0, 2219.0, 1790.0, 2524.0]
VECTOR: [1976.0, 2182.0, 1955.0, 2195.0, 2099.0, 2234.0, 2038.0, 2262.0, 2027.0, 2300.0, 1972.0, 2133.0, 1765.0, 1967.0]
VECTOR: [2044.0, 2111.0, 2094.0, 2165.0, 2111.0, 2207.0, 2111.0, 2207.0, 2013.0, 2207.0, 2003.0, 1934.0, 1932.0, 1947.0]
VECTOR: [2084.0, 2008.0, 2155.0, 2014.0, 2241.0, 2051.0, 2044.0, 2051.0, 2015.0, 2051.0, 2092.0, 1991.0, 1958.0, 1888.0]
VECTOR: [1964.0, 2247.0, 1993.0, 2307.0, 2130.0, 2299.0, 1998.0, 2338.0, 1951.0, 2271.0, 1918.0, 2214.0, 1792.0, 2054.0]
VECTOR: [1992.0, 2146.0, 2005.0, 2268.0, 2000.0, 2298.0, 2025.0, 2198.0, 2060.0, 2198.0, 1927.0, 1953.0, 1934.0, 1963.0]
VECTOR: [2029.0, 2230.0, 2106.0, 2260.0, 2114.0, 2289.0, 2037.0, 2289.0, 1981.0, 2289.0, 1942.0, 2145.0, 1996.0, 2108.0]
VECTOR: [1934.0, 1961.0, 1955.0, 1948.0, 1884.0, 1974.0, 2008.0, 1981.0, 1951.0, 2066.0, 2005.0, 1981.0, 1801.0, 1814.0]
VECTOR: [1821.0, 2018.0, 1850.0, 2013.0, 1872.0, 2070.0, 1894.0, 2058.0, 1875.0, 2058.0, 1769.0, 2000.0, 1663.0, 1910.0]
VECTOR: [2084.0, 2116.0, 2166.0, 2140.0, 2169.0, 2187.0, 2153.0, 2197.0, 2153.0, 2197.0, 1988.0, 2015.0, 1875.0, 1961.0]
VECTOR: [2082.0, 2304.0, 2183.0, 2338.0, 2230.0, 2350.0, 2149.0, 2350.0, 2071.0, 2350.0, 2010.0, 2225.0, 1851.0, 2213.0]
VECTOR: [2068.0, 2097.0, 2105.0, 2088.0, 2101.0, 2113.0, 2101.0, 2128.0, 2101.0, 2103.0, 1977.0, 2088.0, 2020.0, 2060.0]
VECTOR: [1911.0, 1939.0, 2013.0, 1959.0, 1966.0, 2011.0, 1976.0, 2011.0, 1933.0, 2011.0, 1832.0, 1889.0, 1746.0, 1755.0]
VECTOR: [1900.0, 2121.0, 1955.0, 2140.0, 1957.0, 2190.0, 1962.0, 2190.0, 1919.0, 2190.0, 1782.0, 2008.0, 1827.0, 2008.0]
VECTOR: [2016.0, 2048.0, 2090.0, 2037.0, 2072.0, 2090.0, 2033.0, 2090.0, 2028.0, 2090.0, 2028.0, 1990.0, 1842.0, 1990.0]
VECTOR: [1950.0, 2002.0, 1930.0, 2069.0, 1993.0, 2094.0, 1962.0, 2094.0, 1962.0, 2094.0, 1935.0, 1830.0, 1920.0, 1830.0]
VECTOR: [2066.0, 2108.0, 2055.0, 2118.0, 2192.0, 2093.0, 2004.0, 2165.0, 2111.0, 2293.0, 2085.0, 1988.0, 1950.0, 1988.0]
VECTOR: [1983.0, 2116.0, 1980.0, 2139.0, 2018.0, 2111.0, 1996.0, 2111.0, 1969.0, 2111.0, 1968.0, 2111.0, 1968.0, 2111.0]
VECTOR: [1886.0, 1968.0, 1975.0, 1989.0, 1982.0, 2053.0, 1983.0, 2053.0, 1940.0, 2053.0, 1714.0, 1841.0, 1722.0, 1816.0]
VECTOR: [1976.0, 2286.0, 2058.0, 2300.0, 2038.0, 2317.0, 1988.0, 2317.0, 2072.0, 2317.0, 1838.0, 2217.0, 1860.0, 2250.0]
VECTOR: [1889.0, 2108.0, 1855.0, 2135.0, 1876.0, 2226.0, 1900.0, 2226.0, 1896.0, 2226.0, 2029.0, 1941.0, 1775.0, 1895.0]
VECTOR: [2129.0, 2321.0, 2194.0, 2353.0, 2245.0, 2387.0, 2213.0, 2302.0, 2137.0, 2307.0, 2026.0, 2338.0, 1958.0, 2238.0]
VECTOR: [1935.0, 1810.0, 2105.0, 1863.0, 1965.0, 1863.0, 1971.0, 1863.0, 1983.0, 1863.0, 1829.0, 1755.0, 1755.0, 1650.0]
VECTOR: [1972.0, 2388.0, 1970.0, 2378.0, 2002.0, 2417.0, 2009.0, 2417.0, 2009.0, 2410.0, 1935.0, 2354.0, 1907.0, 2354.0]
VECTOR: [1949.0, 2238.0, 1999.0, 2293.0, 2033.0, 2280.0, 1948.0, 2280.0, 1986.0, 2280.0, 1894.0, 2158.0, 1835.0, 2138.0]
VECTOR: [1816.0, 1965.0, 1798.0, 2020.0, 1885.0, 2047.0, 1885.0, 2047.0, 1920.0, 2047.0, 1713.0, 1821.0, 1697.0, 1806.0]
VECTOR: [2181.0, 2161.0, 2355.0, 2188.0, 2314.0, 2255.0, 2293.0, 2272.0, 2133.0, 2272.0, 2004.0, 1914.0, 1986.0, 2067.0]
VECTOR: [2161.0, 2390.0, 2240.0, 2395.0, 2223.0, 2425.0, 2253.0, 2425.0, 2197.0, 2425.0, 2126.0, 2335.0, 1926.0, 2335.0]
VECTOR: [2047.0, 1920.0, 2055.0, 1920.0, 2138.0, 1949.0, 2124.0, 1949.0, 1966.0, 1949.0, 2037.0, 1886.0, 1963.0, 1865.0]
VECTOR: [2048.0, 2188.0, 2055.0, 2263.0, 2102.0, 2238.0, 2105.0, 2238.0, 2090.0, 2238.0, 1968.0, 2075.0, 1968.0, 2075.0]
VECTOR: [86181585.0, 82311909.0, 25247960.0, 6768493.0, 7104229.0, 3707590.0, 4255944.0, 4530962.0, 15749336.0, 2636037.0, 9880866.0, 6300168.0]
VECTOR: [112901096.0, 109653331.0, 33226637.0, 7173817.0, 9548607.0, 4665977.0, 5546875.0, 5589793.0, 20636092.0, 4157452.0, 14791222.0, 7564624.0]
VECTOR: [62009358.0, 60499925.0, 18660294.0, 4085967.0, 6782293.0, 2567213.0, 2698000.0, 3226297.0, 11220800.0, 1692977.0, 6931498.0, 4144019.0]
VECTOR: [354097251.0, 339249623.0, 105096832.0, 27654644.0, 28545051.0, 14125697.0, 17361887.0, 18801901.0, 56515489.0, 16144517.0, 46257338.0, 23593895.0]
VECTOR: [8440690.0, 7790946.0, 2597685.0, 795969.0, 810898.0, 321556.0, 311116.0, 441491.0, 1516943.0, 246183.0, 849549.0, 549300.0]
VECTOR: [39003109.0, 37452567.0, 11271958.0, 2941874.0, 4171807.0, 1506148.0, 1743477.0, 1999207.0, 7006000.0, 948605.0, 4645607.0, 2768426.0]
VECTOR: [52611799.0, 50582136.0, 15407339.0, 4025421.0, 4644461.0, 2292115.0, 2509277.0, 2660663.0, 9699405.0, 1620465.0, 6095842.0, 3656811.0]
VECTOR: [155178645.0, 149555015.0, 47965877.0, 10638175.0, 12767848.0, 6262476.0, 7692624.0, 7952885.0, 24471336.0, 6593597.0, 20092544.0, 10741283.0]
VECTOR: [40013736.0, 39151774.0, 12037820.0, 2389194.0, 3861310.0, 1679538.0, 1828964.0, 1868156.0, 7468478.0, 1303083.0, 4791686.0, 2785507.0]
VECTOR: [30110271.0, 29333804.0, 8646708.0, 1731851.0, 2475625.0, 1347205.0, 1512315.0, 1512931.0, 5801706.0, 1058405.0, 3813483.0, 2210042.0]
configured using regression, reduced to dimensionality:, 2
configured using regression, reduced to dimensionality:, 2
configured using regression, reduced to dimensionality:, 2
configured using regression, reduced to dimensionality:, 2
configured using regression, reduced to dimensionality:, 2
configured using regression, reduced to dimensionality:, 2
configured using regression, reduced to dimensionality:, 2
configured using regression, reduced to dimensionality:, 2
configured using regression, reduced to dimensionality:, 2
configured using regression, reduced to dimensionality:, 2
configured using regression, reduced to dimensionality:, 2
configured using regression, reduced to dimensionality:, 2
configured using regression, reduced to dimensionality:, 2
configured using regression, reduced to dimensionality:, 2
configured using regression, reduced to dimensionality:, 2
configured using regression, reduced to dimensionality:, 2
configured using regression, reduced to dimensionality:, 2
configured using regression, reduced to dimensionality:, 2
configured using regression, reduced to dimensionality:, 2
configured using regression, reduced to dimensionality:, 2
configured using regression, reduced to dimensionality:, 2
configured using regression, reduced to dimensionality:, 2
configured using regression, reduced to dimensionality:, 2
configured using regression, reduced to dimensionality:, 2
configured using regression, reduced to dimensionality:, 2
configured using regression, reduced to dimensionality:, 2
configured using regression, reduced to dimensionality:, 2
configured using regression, reduced to dimensionality:, 2
configured using regression, reduced to dimensionality:, 2
configured using regression, reduced to dimensionality:, 2
