<TITLE>
Participants, Average Days for Participation and Participation Rate in Sports by Sex and Frequency
<SUBTITLE> 
Both Sexes
<EXCEL COLUMN RANGE>
Q-AF
<VECTOR LABELS>
Baseball (including playing catch)
Softball
Volleyball
Basketball
Soccer (including futsal)
Table tennis
Tennis
Badminton
Golf (including golf practice range)
Judo
Kendo
Gate ball
Bowling
Fishing
Swimming
Skiing, snowboarding
Mountain climbing or hiking
Cycling
Jogging, marathon
Walking or light physical exercise
Training with gym equipment
<DATA>
 2,708	 1,283	 1,279	 909	 604	 490	 674	46.2	7.1	2.4	1.1	1.1	0.8	0.5	0.4	0.6
 1,579	 516	 476	 331	 236	 162	 113	28.3	3.1	1.4	0.5	0.4	0.3	0.2	0.1	0.1
 1,589	 593	 492	 385	 538	 429	 392	54.1	4.0	1.4	0.5	0.4	0.3	0.5	0.4	0.3
 1,274	 481	 522	 357	 347	 331	 529	64.5	3.5	1.1	0.4	0.5	0.3	0.3	0.3	0.5
 1,810	 943	 944	 685	 720	 508	 651	56.7	5.6	1.6	0.8	0.8	0.6	0.6	0.4	0.6
 2,776	 600	 435	 296	 324	 271	 300	34.8	4.5	2.4	0.5	0.4	0.3	0.3	0.2	0.3
 1,594	 468	 422	 411	 696	 471	 596	67.1	4.2	1.4	0.4	0.4	0.4	0.6	0.4	0.5
 2,765	 804	 605	 383	 379	 207	 212	28.0	4.8	2.4	0.7	0.5	0.3	0.3	0.2	0.2
 2,574	 1,669	 1,864	 1,443	 986	 433	 135	28.5	8.1	2.3	1.5	1.6	1.3	0.9	0.4	0.1
 119	 75	 83	 68	 72	 75	 75	73.0	0.5	0.1	0.1	0.1	0.1	0.1	0.1	0.1
 113	 62	 75	 82	 85	 148	 167	108.6	0.7	0.1	0.1	0.1	0.1	0.1	0.1	0.1
 312	 55	 79	 72	 70	 125	 47	54.3	0.7	0.3	0.0	0.1	0.1	0.1	0.1	0.0
 11,341	 1,738	 820	 247	 182	 77	 25	6.3	12.8	9.9	1.5	0.7	0.2	0.2	0.1	0.0
 5,043	 1,518	 1,154	 805	 378	 158	 57	14.2	8.1	4.4	1.3	1.0	0.7	0.3	0.1	0.0
 5,281	 2,192	 1,331	 872	 1,129	 706	 315	29.3	10.5	4.6	1.9	1.2	0.8	1.0	0.6	0.3
 4,072	 1,144	 419	 191	 70	 28	 8	6.9	5.3	3.6	1.0	0.4	0.2	0.1	0.0	0.0
 7,122	 1,663	 918	 373	 119	 34	 25	7.2	9.2	6.2	1.5	0.8	0.3	0.1	0.0	0.0
 3,154	 1,453	 1,459	 1,080	 1,118	 826	 862	51.8	8.9	2.8	1.3	1.3	0.9	1.0	0.7	0.8
 1,997	 1,518	 1,734	 1,489	 1,585	 1,433	 1,081	65.9	9.6	1.8	1.3	1.5	1.3	1.4	1.3	0.9
 3,465	 2,881	 4,551	 5,035	 6,757	 8,111	 8,826	111.5	35.2	3.0	2.5	4.0	4.4	5.9	7.1	7.7
 1,335	 1,021	 1,549	 1,527	 2,148	 2,304	 1,179	81.8	9.9	1.2	0.9	1.4	1.3	1.9	2.0	1.0
