<TITLE>
ELEMENTARY SCHOOLS BY PREFECTURE (1980--2014)
<SUBTITLE> 
year
<EXCEL COLUMN RANGE>
D-W
<VECTOR LABELS>
1980
1985
1990
1995
2000
2005
2010
2012
2013
<DATA>
23701	1244	467953	203021	264932	350841	327643	8862	14336	11827	6062	5765	11564	80	76	2056	5359	35101	338216	24660
24058	982	461256	203037	258219	337313	314060	8158	15095	11095	5682	5413	10845	74	69	1683	4874	32242	296927	21218
24021	806	444218	185030	259188	315426	293557	7480	14389	9373	4798	4575	9147	65	50	1502	5000	37646	356757	25491
23893	655	430958	167332	263626	295244	273249	6870	15125	8370	4283	4088	8156	56	44	1300	4726	36621	305625	71047
23573	533	407598	153652	253946	271693	246539	7145	18009	7366	3769	3597	7146	56	49	1192	4364	33092	240144	78044
22738	385	416833	155274	261559	276083	245910	6467	23706	7197	3680	3517	6961	51	67	1200	3664	28067	190400	59053
21730	270	419776	156030	263746	277503	241279	5857	30367	6993	3579	3414	6721	47	101	1122	2669	21326	137044	52594
21228	232	418707	156101	262606	275058	236845	5440	32773	6765	3462	3303	6485	44	114	1061	2356	19348	122880	53952
20916	215	417553	156444	261109	273811	234443	5235	34133	6677	3416	3261	6393	43	121	1088	2206	18489	117246	55486
