<TITLE>
ELEMENTARY SCHOOLS BY PREFECTURE (1980--2014)
<SUBTITLE> 
prefecture
<EXCEL COLUMN RANGE>
D-W
<VECTOR LABELS>
hokkaido
aomori
iwate
miyagi
akita
yamagata
fukushima
ibaraki
tochigi
gumma
saitama
chiba
tokyo
kanagawa
niigata
toyama
ishikawa
fukui
yamanashi
nagano
gifu
shizuoka
aichi
mie
shiga
kyoto
osaka
hyogo
nara
wakayama
tottori
shimane
okayama
hiroshima
yamaguchi
tokushima
kagawa
ehime
kochi
fukuoka
saga
nagasaki
kumamoto
oita
miyazaki
kagoshima
okinawa
<DATA>
1121	6	19335	9277	10058	12145	9024	739	2382	257	131	126	243	5.1	7.2	41	422	4423	30042	2279
310	-	4921	1740	3181	3090	2487	145	458	65	33	32	62	1.4	1.1	10	43	418	2828	273
345	2	5093	1962	3131	3147	2523	211	413	65	33	32	61	1.8	1.1	10	79	640	3660	267
398	11	7957	3296	4661	5102	4216	73	813	121	62	59	117	0.6	1.9	20	37	280	1357	1105
223	1	3581	1394	2187	2263	1894	44	325	47	24	23	45	0.4	0.7	7.0	10	98	621	224
267	9	4220	1693	2527	2806	2297	106	403	58	30	28	55	1.1	0.9	9.0	30	239	1289	251
472	5	7201	2605	4596	4721	4103	215	403	98	50	48	93	2.0	1.6	15	55	481	2935	698
538	-	10158	3592	6566	6740	5588	50	1102	156	80	76	150	0.6	4.6	25	2	14	50	1375
379	1	6977	2475	4502	4424	3760	82	582	107	55	52	102	0.8	2.4	17	20	168	857	842
322	3	6961	2576	4385	4460	3937	37	486	108	55	53	104	0.4	1.6	17	18	198	1342	663
819	1	20260	7580	12680	13233	12174	26	1033	379	194	185	372	0.3	4.0	63	1	-	-	2639
827	3	18227	6701	11526	12448	11040	32	1376	323	165	158	313	0.3	5.8	53	1	11	43	3216
1355	-	32658	12315	20343	19140	18283	8	849	588	301	287	553	0.0	5.4	101	15	193	1318	4458
887	2	24895	8774	16121	16744	14535	3	2206	469	240	228	448	0.0	9.0	78	1	7	7	4570
495	2	8389	3214	5175	5432	4479	135	818	116	59	57	110	1.4	3.4	19	82	836	6265	570
195	1	3651	1232	2419	2322	1970	25	327	55	28	27	54	0.2	0.9	9.0	2	16	105	340
224	4	4190	1434	2756	2670	2243	76	351	62	32	31	60	0.8	0.8	10	9	54	277	346
204	2	3169	1105	2064	1976	1710	75	191	44	22	21	42	0.7	0.6	7.0	20	132	662	272
186	5	3186	1246	1940	2041	1708	39	294	44	23	21	42	0.3	0.7	7.0	13	102	437	380
376	5	7452	3183	4269	5091	4297	16	778	116	59	56	111	0.1	3.4	19	35	313	1518	1144
374	1	7391	2656	4735	4674	4014	63	597	114	58	56	110	0.6	2.1	18	31	283	1736	907
511	5	11457	4665	6792	7526	6834	91	601	200	103	97	194	0.8	2.9	33	31	234	1321	1446
980	4	23170	8342	14828	15588	13765	45	1778	417	213	204	408	0.3	6.1	70	34	349	1599	3167
395	10	7098	2599	4499	4508	3730	101	677	99	51	49	95	0.9	2.5	16	31	160	774	859
229	1	5316	2000	3316	3510	2911	17	582	83	43	40	80	0.1	2.2	14	9	58	142	919
409	4	8613	3209	5404	5394	4697	36	661	132	68	65	125	0.3	2.0	22	29	213	792	1080
1028	5	27215	9780	17435	17911	14404	27	3480	456	233	223	431	0.2	16	75	1	6	4	5606
787	3	18429	6795	11634	11793	10089	79	1625	300	154	146	290	0.7	5.0	49	47	501	3176	2722
217	-	4902	1977	2925	3262	2582	15	665	73	37	36	67	0.1	2.0	12	17	132	521	761
259	12	3794	1446	2348	2364	1896	135	333	49	25	24	46	1.0	1.0	8.0	43	223	819	478
132	3	2522	1023	1499	1579	1285	15	279	31	16	15	29	0.2	0.8	5.0	6	25	51	238
213	3	3219	1236	1983	1979	1511	133	335	36	18	18	34	1.2	0.7	6.0	57	512	2850	259
409	8	7276	2743	4533	4703	3807	129	767	104	54	50	98	1.0	3.7	17	37	254	1453	1352
522	1	9443	3088	6355	6395	5323	135	937	153	79	75	146	1.2	3.5	26	47	407	2542	1341
321	4	5131	1831	3300	3347	2675	182	490	71	36	35	67	1.5	1.5	12	27	137	406	487
216	6	3162	1016	2146	1976	1504	58	414	38	19	18	35	0.3	1.3	6.0	21	137	532	265
177	2	3663	1217	2446	2362	1946	13	403	53	27	26	51	0.1	1.1	9.0	17	106	583	362
308	1	5197	1876	3321	3431	2769	131	531	72	37	35	69	0.9	1.4	12	51	322	1266	510
242	3	3088	933	2155	1971	1462	123	386	35	18	17	33	1.1	0.9	6.0	75	305	1691	388
749	6	16239	5630	10609	10651	9368	72	1211	274	140	134	265	0.5	5.0	47	20	143	582	2641
164	10	3344	1228	2116	2067	1682	33	352	48	24	23	46	0.3	1.1	8.0	16	89	352	359
352	14	5472	2434	3038	3408	2805	203	400	74	38	36	70	1.9	1.0	12	101	950	7093	387
367	10	6990	2895	4095	4425	3536	94	795	98	50	48	94	1.0	2.5	17	43	377	2861	385
289	9	4505	1634	2871	2836	2360	134	342	61	31	30	58	1.1	1.0	10	52	304	1304	409
242	5	4140	1627	2513	2702	2233	130	339	62	32	30	59	1.0	1.2	11	39	269	1317	321
543	7	7402	3485	3917	4564	3505	524	535	91	47	45	84	3.8	1.9	15	230	1821	12290	537
273	1	5816	1841	3975	3831	3265	135	431	99	51	48	94	1.0	2.0	17	90	914	8825	1388