<TITLE>
LOWER SECONDARY SCHOOLS BY PREFECTURE (1980--2014)
<SUBTITLE> 
year
<EXCEL COLUMN RANGE>
D-Y
<VECTOR LABELS>
1980
1985
1990
1995
2000
2005
2010
2012
2013
<DATA>
10650	130	251279	170811	80468	136465	129418	322	6725	5094	2607	2488	4870	2.3	37	1854	1723	1624	1801	16825	144402	29653
11028	103	285123	188409	96714	156516	149266	312	6938	5990	3068	2922	5742	2.2	34	2047	1882	1772	1618	14998	124494	49948
11182	93	286065	182058	104007	152466	145267	304	6895	5369	2748	2621	5102	2.0	27	1733	1982	1884	1810	18628	164079	66435
11194	80	271020	164683	106337	137075	129674	234	7167	4570	2339	2232	4277	1.3	22	1513	1622	1568	1714	18271	142008	116778
11140	69	257605	153290	104315	126643	118162	234	8247	4104	2100	2004	3811	1.5	23	1326	1465	1421	1633	17519	123875	145526
10960	75	248694	146603	102091	118182	107649	225	10308	3626	1854	1772	3320	1.3	29	1200	1236	1207	1444	15252	94146	128596
10735	80	250899	145744	105155	121070	107225	202	13643	3558	1817	1741	3225	1.2	44	1185	1228	1204	1183	12563	68270	124544
10617	82	253753	146409	107344	122445	107384	191	14870	3553	1816	1737	3219	1.0	50	1174	1195	1175	1101	11772	61622	121509
10547	81	254235	146114	108121	122915	107113	192	15610	3536	1809	1727	3201	1.0	54	1168	1185	1166	1073	11488	59476	125465
