<TITLE>
LOWER SECONDARY SCHOOLS BY PREFECTURE (1980--2014)
<SUBTITLE> 
prefecture
<EXCEL COLUMN RANGE>
D-Y
<VECTOR LABELS>
hokkaido
aomori
iwate
miyagi
akita
yamagata
fukushima
ibaraki
tochigi
gumma
saitama
chiba
tokyo
kanagawa
niigata
toyama
ishikawa
fukui
yamanashi
nagano
gifu
shizuoka
aichi
mie
shiga
kyoto
osaka
hyogo
nara
wakayama
tottori
shimane
okayama
hiroshima
yamaguchi
tokushima
kagawa
ehime
kochi
fukuoka
saga
nagasaki
kumamoto
oita
miyazaki
kagoshima
okinawa
<DATA>
635	6	12318	7810	4508	5556	4303	42	1211	137	70	67	129	0.2	3.4	46	48	47	239	3028	15772	4475
168	-	3272	1802	1470	1449	1200	6	243	38	19	18	36	0.0	0.5	12	13	13	32	341	1586	1059
170	2	3235	1778	1457	1394	1172	3	219	36	19	18	35	0.0	0.6	12	13	12	31	337	1774	856
212	3	4930	2753	2177	2320	1928	1	391	64	33	31	62	0.0	0.9	21	22	22	9	98	382	2530
122	1	2329	1381	948	1115	947	-	168	26	13	13	26	-	0.3	8.6	9.3	9.2	7	76	422	792
103	3	2510	1408	1102	1269	1075	4	190	32	16	16	31	0.0	0.5	11	11	11	7	70	389	801
238	-	4693	2723	1970	2238	1997	8	233	56	29	27	54	0.0	0.8	18	20	19	37	368	1634	1866
238	-	6192	3547	2645	2868	2368	2	498	84	43	41	77	0.0	2.1	28	28	28	1	12	6	3063
172	2	4243	2352	1891	2054	1768	1	285	56	29	27	53	0.0	1.1	19	19	19	9	85	221	1955
173	2	4210	2547	1663	1939	1684	1	254	57	29	28	55	0.0	0.9	19	19	19	11	129	817	1641
450	1	12298	7285	5013	5813	5278	2	533	196	101	95	184	0.0	2.1	65	66	65	1	9	9	6265
407	-	10900	6372	4528	5236	4621	-	615	165	85	80	152	-	2.6	55	56	55	2	23	70	5884
816	1	19491	11060	8431	7368	6819	11	538	312	158	154	230	0.2	3.5	103	105	103	15	214	581	9736
476	2	14634	8369	6265	6792	5801	4	987	236	121	116	205	0.0	3.9	79	80	79	1	7	7	8775
237	1	5087	2961	2126	2302	1905	4	393	62	32	30	59	0.0	1.6	21	22	21	33	392	2745	1774
82	1	2183	1166	1017	1018	879	1	138	30	16	15	29	0.0	0.4	10	10	10	2	18	60	833
91	4	2344	1250	1094	1118	967	2	149	33	17	16	32	0.0	0.3	11	11	11	5	43	161	1105
81	4	1900	1116	784	913	820	-	93	23	12	12	22	-	0.3	7.8	8.2	8.1	15	88	273	709
94	3	1944	1134	810	924	774	-	150	25	13	12	23	-	0.3	8.0	8.3	8.2	6	57	141	986
197	3	4900	3167	1733	2369	1948	2	419	62	32	30	58	0.0	2.0	21	21	21	20	207	770	2545
194	1	4511	2741	1770	2097	1799	-	298	61	31	30	58	-	1.0	20	21	21	17	171	785	1999
294	1	7038	4403	2635	3491	3153	-	338	106	54	52	98	-	1.5	35	36	35	15	154	702	3519
439	4	13705	7915	5790	6795	6011	2	782	219	113	107	205	0.0	3.0	72	74	73	13	162	741	7787
172	4	4132	2297	1835	1870	1589	-	281	53	27	26	49	-	1.0	17	18	18	13	110	455	1703
107	-	3101	1795	1306	1524	1287	-	237	43	22	21	40	-	0.9	14	15	14	3	17	23	1711
200	1	5369	3113	2256	2236	1929	4	303	72	36	36	62	0.0	1.0	24	25	24	11	86	344	2535
533	1	17025	9277	7748	7635	6231	2	1402	249	127	122	219	0.0	5.6	82	86	84	-	-	-	12477
388	3	10890	6389	4501	4771	4091	-	680	159	81	78	144	-	2.0	52	55	54	15	219	1723	6669
118	-	2988	1793	1195	1350	1080	-	270	40	21	19	34	-	0.8	13	14	14	13	140	376	1680
135	2	2448	1394	1054	1060	906	3	151	29	14	14	25	0.0	0.4	9.3	10.0	9.9	17	119	389	1074
63	2	1510	900	610	668	538	1	129	16	8.4	8.0	15	0.0	0.4	5.4	5.4	5.4	-	-	-	620
101	2	1940	1110	830	808	639	-	169	19	9.9	9.5	18	-	0.4	6.5	6.5	6.4	30	345	1790	695
169	-	4167	2284	1883	1942	1626	-	316	56	28	27	51	-	1.4	18	19	19	15	159	708	2364
274	-	5559	3124	2435	2526	2135	-	391	80	41	39	70	-	1.2	27	27	27	20	235	1018	2940
170	2	3210	1797	1413	1491	1252	2	237	38	19	19	36	0.0	0.7	13	13	13	12	72	136	1357
90	3	1884	919	965	826	655	2	169	21	11	10	19	0.0	0.5	6.9	7.2	7.1	10	89	246	754
79	-	2183	1133	1050	959	801	-	158	28	15	14	26	-	0.4	9.3	9.7	9.4	9	49	115	956
139	1	3042	1702	1340	1326	1105	-	221	37	19	18	35	-	0.6	12	13	13	16	148	585	1166
130	1	2192	1122	1070	781	606	2	173	20	10	9.6	16	0.0	0.3	6.6	6.6	6.5	39	288	987	907
368	3	9737	5368	4369	4467	3912	-	555	141	72	69	131	-	2.0	47	48	47	10	95	245	5529
98	1	2280	1202	1078	927	764	3	160	27	14	13	25	0.0	0.4	8.8	9.1	8.8	7	65	109	974
192	2	3478	1820	1658	1462	1248	8	206	41	21	20	38	0.0	0.5	13	14	14	51	596	3960	1252
178	2	4145	2417	1728	1832	1489	1	342	52	26	25	49	0.0	1.0	17	18	17	20	269	1413	1475
139	1	2707	1592	1115	1204	1045	-	159	32	16	16	30	-	0.5	11	11	11	20	148	553	1156
145	-	2905	1642	1263	1186	987	10	189	33	17	16	30	0.1	0.5	11	11	11	19	203	985	998
244	4	4388	2589	1799	1710	1446	29	235	48	25	23	45	0.1	0.7	16	16	16	97	919	5885	1603
155	1	3685	1865	1820	1665	1453	17	195	51	26	25	47	0.1	0.8	17	17	16	58	636	4219	1915
