<TITLE>
UPPER SECONDARY SCHOOLS BY PREFECTURE (1980--2014)
<SUBTITLE> 
year
<EXCEL COLUMN RANGE>
D-O
<VECTOR LABELS>
1980
1985
1990
1995
2000
2005
2010
2012
2013
<DATA>
4946	262	283871	243592	200001	43591	4622	2330	2292	1628	1399	446
5250	203	316536	266809	216824	49985	5178	2609	2568	1771	1374	419
5342	164	346278	286006	227341	58665	5623	2830	2794	1871	1767	540
5354	147	342672	281117	215792	65325	4725	2374	2351	1552	1591	598
5345	133	331594	269027	200180	68847	4165	2091	2075	1400	1329	600
5304	114	318784	251408	181933	69475	3605	1828	1778	1184	1203	568
5018	98	307812	238929	168652	70277	3369	1703	1665	1166	1069	581
4930	92	308424	237224	165440	71784	3356	1692	1664	1135	1053	563
4893	88	307346	235062	162968	72094	3320	1672	1647	1125	1088	579
