<TITLE>
UPPER SECONDARY SCHOOLS BY PREFECTURE (1980--2014)
<SUBTITLE> 
prefecture
<EXCEL COLUMN RANGE>
D-O
<VECTOR LABELS>
hokkaido
aomori
iwate
miyagi
akita
yamagata
fukushima
ibaraki
tochigi
gumma
saitama
chiba
tokyo
kanagawa
niigata
toyama
ishikawa
fukui
yamanashi
nagano
gifu
shizuoka
aichi
mie
shiga
kyoto
osaka
hyogo
nara
wakayama
tottori
shimane
okayama
hiroshima
yamaguchi
tokushima
kagawa
ehime
kochi
fukuoka
saga
nagasaki
kumamoto
oita
miyazaki
kagoshima
okinawa
<DATA>
290	-	11752	10909	8590	2319	135	68	67	45	44	18
74	8	3386	3163	2174	989	38	19	19	13	13	5.4
78	3	3310	3091	2156	935	36	18	18	12	12	5.0
95	3	5126	4573	3337	1236	62	31	30	21	20	9.5
55	2	2457	2281	1545	736	27	13	13	8.9	9.1	4.0
59	3	2854	2625	1842	783	32	16	16	11	11	4.7
106	5	4753	4365	2957	1408	55	28	27	19	18	8.0
120	1	6463	5710	3996	1714	79	40	39	27	25	12
76	-	4346	3754	2541	1213	54	28	27	18	17	8.8
81	-	4291	3861	2765	1096	53	27	26	18	17	8.7
196	-	13085	11142	7885	3257	179	92	87	61	55	31
185	-	10640	9635	6956	2679	153	78	75	52	48	26
431	-	22052	19059	12769	6290	316	155	161	108	99	65
234	1	15040	12448	8694	3754	205	104	102	70	63	39
102	3	5332	4565	3147	1418	62	31	30	21	20	9.2
51	2	2636	2316	1445	871	29	15	14	9.6	9.1	4.7
56	-	2836	2475	1698	777	32	16	16	11	10	5.5
37	2	2062	1762	1230	532	23	12	12	7.9	7.5	4.0
44	-	2400	2002	1338	664	26	14	12	8.7	8.7	4.9
99	3	5099	4502	3380	1122	59	30	29	20	19	9.0
81	-	4617	4077	2783	1294	57	29	28	19	18	10
137	3	8093	6955	5009	1946	101	52	49	34	32	17
219	1	15988	12349	8477	3872	199	99	100	69	61	36
71	1	4711	3748	2507	1241	51	26	25	17	16	8.1
58	1	3368	2872	1954	918	40	20	19	14	12	6.7
96	8	5938	5245	3611	1634	72	36	36	25	22	15
257	-	17866	14901	9985	4916	237	119	118	82	71	42
210	2	12860	10317	7182	3135	145	72	73	50	45	27
51	2	2819	2633	1829	804	38	19	19	13	12	6.8
44	6	2697	2269	1485	784	29	14	14	9.5	8.9	4.4
32	-	1586	1386	968	418	16	7.8	7.7	5.2	4.9	2.1
46	2	2012	1779	1245	534	19	9.7	9.2	6.4	6.2	2.9
88	-	5064	4055	2816	1239	55	28	28	19	17	8.7
128	1	6713	5360	3678	1682	74	37	37	25	23	14
74	7	3508	2965	2052	913	35	18	18	12	11	4.7
35	3	2067	1715	936	779	20	9.8	10	6.8	6.6	3.3
42	-	2594	2166	1328	838	26	13	13	9.1	8.2	4.2
61	5	3086	2837	1951	886	36	18	18	12	12	5.9
44	2	2369	2045	1246	799	20	10	9.8	6.4	6.4	2.9
163	2	9538	8654	5852	2802	133	66	67	45	42	22
45	-	2333	2135	1419	716	26	13	13	8.6	8.3	3.5
79	-	3608	3317	2283	1034	41	21	20	14	13	5.7
74	4	4222	3883	2630	1253	50	25	24	17	16	7.2
58	4	3042	2698	1869	829	33	16	17	11	10	4.7
52	1	2884	2680	1861	819	33	17	16	11	11	4.6
94	-	4785	4362	3037	1325	48	24	24	16	15	6.3
64	-	4043	3665	2038	1627	47	24	23	16	15	5.5