<TITLE>
Monthly Prices and Annual Average Prices by Item
<SUBTITLE> 
prefecture
<EXCEL COLUMN RANGE>
E-R
<VECTOR LABELS>
sapporo
aomori
morioka
sendai
akita
yamagata
fukushima
mito
utsunomiya
maebashi
saitama
chiba
ku-area of tokyo
yokohama
niigata
toyama
kanazawa
fukui
kofu
nagano
gifu
shizuoka
nagoya
tsu
otsu
kyoto
osaka
kobe
nara
wakayama
tottori
matsue
okayama
hiroshima
yamaguchi
tokushima
takamatsu
matsuyama
kochi
fukuoka
saga
nagasaki
kumamoto
oita
miyazaki
kagoshima
naha
<DATA>
1972	2388	1970	2378	2002	2417	2009	2417	2009	2410	1935	2354	1907	2354
1990	1858	2025	1878	2084	1905	2080	1955	2035	1955	1836	1728	1878	1728
1912	2137	1948	2115	1991	2208	1979	2208	1989	2208	1873	2036	1693	2046
1899	2160	1939	2183	2018	2230	1947	2225	1947	2225	1812	2093	1729	2003
1816	1965	1798	2020	1885	2047	1885	2047	1920	2047	1713	1821	1697	1806
1882	2215	1923	2200	2041	2318	1868	2280	1908	2280	1754	2106	1800	2106
1821	2018	1850	2013	1872	2070	1894	2058	1875	2058	1769	2000	1663	1910
1935	1810	2105	1863	1965	1863	1971	1863	1983	1863	1829	1755	1755	1650
1939	2082	2113	2219	2379	2183	1907	2183	1835	2232	1691	1859	1707	1814
2166	1884	2217	1953	2311	2018	2295	2018	2230	1990	2025	1663	1919	1663
2084	2116	2166	2140	2169	2187	2153	2197	2153	2197	1988	2015	1875	1961
2044	2111	2094	2165	2111	2207	2111	2207	2013	2207	2003	1934	1932	1947
2129	2321	2194	2353	2245	2387	2213	2302	2137	2307	2026	2338	1958	2238
1964	2247	1993	2307	2130	2299	1998	2338	1951	2271	1918	2214	1792	2054
1886	1968	1975	1989	1982	2053	1983	2053	1940	2053	1714	1841	1722	1816
1943	2112	2005	2116	1959	2179	1959	2179	1959	2179	1888	2009	1888	2009
2066	2108	2055	2118	2192	2093	2004	2165	2111	2293	2085	1988	1950	1988
1957	2043	1930	2100	2025	2113	2063	2113	2061	2113	1831	1908	1831	1908
1906	2057	1965	2208	2088	2152	1944	2103	1957	2008	1704	1972	1779	1898
2232	1983	2214	2023	2276	2038	2276	2038	2223	2013	2223	1941	2179	1844
1934	1961	1955	1948	1884	1974	2008	1981	1951	2066	2005	1981	1801	1814
2044	2097	2097	2135	2095	2178	2129	2178	2113	2178	1944	1955	1886	1955
1949	2238	1999	2293	2033	2280	1948	2280	1986	2280	1894	2158	1835	2138
1976	2286	2058	2300	2038	2317	1988	2317	2072	2317	1838	2217	1860	2250
2048	2188	2055	2263	2102	2238	2105	2238	2090	2238	1968	2075	1968	2075
2161	2390	2240	2395	2223	2425	2253	2425	2197	2425	2126	2335	1926	2335
2082	2304	2183	2338	2230	2350	2149	2350	2071	2350	2010	2225	1851	2213
2084	2008	2155	2014	2241	2051	2044	2051	2015	2051	2092	1991	1958	1888
2104	2062	2103	2008	2149	2051	2149	2027	2153	2198	2035	2198	2032	1892
2181	2161	2355	2188	2314	2255	2293	2272	2133	2272	2004	1914	1986	2067
1992	2146	2005	2268	2000	2298	2025	2198	2060	2198	1927	1953	1934	1963
1889	2108	1855	2135	1876	2226	1900	2226	1896	2226	2029	1941	1775	1895
1911	1939	2013	1959	1966	2011	1976	2011	1933	2011	1832	1889	1746	1755
2029	2230	2106	2260	2114	2289	2037	2289	1981	2289	1942	2145	1996	2108
1950	2002	1930	2069	1993	2094	1962	2094	1962	2094	1935	1830	1920	1830
2163	2032	2160	2100	2207	2038	2217	2038	2222	2038	2183	2000	1991	1975
1993	2418	2003	2435	2086	2471	2086	2471	2086	2385	1908	2219	1790	2524
1942	2090	1980	2138	1956	2163	1944	2163	2019	2113	1897	2050	1858	1913
1900	2121	1955	2140	1957	2190	1962	2190	1919	2190	1782	2008	1827	2008
1974	2242	1980	2288	2130	2275	1982	2275	1956	2275	1898	2225	1897	2113
2016	2048	2090	2037	2072	2090	2033	2090	2028	2090	2028	1990	1842	1990
1983	2116	1980	2139	2018	2111	1996	2111	1969	2111	1968	2111	1968	2111
1976	2182	1955	2195	2099	2234	2038	2262	2027	2300	1972	2133	1765	1967
1907	1956	1955	1950	2004	1983	1985	1983	1900	1983	1807	1962	1790	1875
1852	2151	1905	2128	1953	2195	1894	2245	1981	2245	1726	2195	1655	1898
2068	2097	2105	2088	2101	2113	2101	2128	2101	2103	1977	2088	2020	2060
2047	1920	2055	1920	2138	1949	2124	1949	1966	1949	2037	1886	1963	1865
