<TITLE>
Spending by prefecture
<SUBTITLE> 
prefecture
<EXCEL COLUMN RANGE>
N-Y
<VECTOR LABELS>
hokkaido
tohoku
kanto
hokuriku
tokai
kinki
chugoku
shikoku
kyushu
okinawa
<DATA>
39003109 	37452567 	11271958 	2941874 	4171807 	1506148 	1743477 	1999207 	7006000 	948605 	4645607 	2768426 
62009358 	60499925 	18660294 	4085967 	6782293 	2567213 	2698000 	3226297 	11220800 	1692977 	6931498 	4144019 
354097251 	339249623 	105096832 	27654644 	28545051 	14125697 	17361887 	18801901 	56515489 	16144517 	46257338 	23593895 
40013736 	39151774 	12037820 	2389194 	3861310 	1679538 	1828964 	1868156 	7468478 	1303083 	4791686 	2785507 
112901096 	109653331 	33226637 	7173817 	9548607 	4665977 	5546875 	5589793 	20636092 	4157452 	14791222 	7564624 
155178645 	149555015 	47965877 	10638175 	12767848 	6262476 	7692624 	7952885 	24471336 	6593597 	20092544 	10741283 
52611799 	50582136 	15407339 	4025421 	4644461 	2292115 	2509277 	2660663 	9699405 	1620465 	6095842 	3656811 
30110271 	29333804 	8646708 	1731851 	2475625 	1347205 	1512315 	1512931 	5801706 	1058405 	3813483 	2210042 
86181585 	82311909 	25247960 	6768493 	7104229 	3707590 	4255944 	4530962 	15749336 	2636037 	9880866 	6300168 
8440690 	7790946 	2597685 	795969 	810898 	321556 	311116 	441491 	1516943 	246183 	849549 	549300 