<TITLE>
The attendance rate for schools at every level by prefecture
<SUBTITLE> 
See PrefectureDataAll excel file
<EXCEL COLUMN RANGE>
See PrefectureDataAll excel file
<VECTOR LABELS>
hokkaido	
aomori	
iwate	
miyagi	
akita	
yamagata	
fukushima	
ibaraki	
tochigi	
gumma	
saitama	
chiba	
tokyo	
kanagawa	
niigata	
toyama	
ishikawa	
fukui	
yamanashi	
nagano	
gifu	
shizuoka	
aichi	
mie	
shiga	
kyoto	
osaka	
hyogo	
nara	
wakayama	
tottori	
shimane	
okayama	
hiroshima	
yamaguchi	
tokushima	
kagawa	
ehime	
kochi	
fukuoka	
saga	
nagasaki	
kumamoto	
oita	
miyazaki	
kagoshima	
okinawa	
<DATA>
290	-	11752	10909	8590	2319	135	68	67	45	44	18	635	6	12318	7810	4508	5556	4303	42	1211	137	70	67	129	0.2	3.4	46	48	47	239	3028	15772	4475	1121	6	430958	9277	10058	12145	9024	739	2382	257	131	126	243	5.1	7.2	41	422	4423	30042	2279	542	2905	5092	441	4651	65	33	32	22	857	15148	67
74	8	3386	3163	2174	989	38	19	19	13	13	5.4	168	-	3272	1802	1470	1449	1200	6	243	38	19	18	36	0.0	0.5	12	13	13	32	341	1586	1059	310	-	430958	1740	3181	3090	2487	145	458	65	33	32	62	1.4	1.1	10	43	418	2828	273	119	514	733	41	692	7.9	4.0	4.0	2.2	471	7898	33
78	3	3310	3091	2156	935	36	18	18	12	12	5.0	170	2	3235	1778	1457	1394	1172	3	219	36	19	18	35	0.0	0.6	12	13	12	31	337	1774	856	345	2	430958	1962	3131	3147	2523	211	413	65	33	32	61	1.8	1.1	10	79	640	3660	267	141	635	918	82	836	12	5.9	5.8	3.7	360	6254	26
95	3	5126	4573	3337	1236	62	31	30	21	20	9.5	212	3	4930	2753	2177	2320	1928	1	391	64	33	31	62	0.0	0.9	21	22	22	9	98	382	2530	398	11	430958	3296	4661	5102	4216	73	813	121	62	59	117	0.6	1.9	20	37	280	1357	1105	280	1424	2385	204	2181	33	17	16	13	362	7214	29
55	2	2457	2281	1545	736	27	13	13	8.9	9.1	4.0	122	1	2329	1381	948	1115	947	-	168	26	13	13	26	-	0.3	8.6	9.3	9.2	7	76	422	792	223	1	430958	1394	2187	2263	1894	44	325	47	24	23	45	0.4	0.7	7.0	10	98	621	224	90	433	663	60	603	7.2	3.7	3.5	2.2	254	5523	23
59	3	2854	2625	1842	783	32	16	16	11	11	4.7	103	3	2510	1408	1102	1269	1075	4	190	32	16	16	31	0.0	0.5	11	11	11	7	70	389	801	267	9	430958	1693	2527	2806	2297	106	403	58	30	28	55	1.1	0.9	9.0	30	239	1289	251	107	578	970	79	891	11	5.5	5.3	3.3	244	4682	21
106	5	4753	4365	2957	1408	55	28	27	19	18	8.0	238	-	4693	2723	1970	2238	1997	8	233	56	29	27	54	0.0	0.8	18	20	19	37	368	1634	1866	472	5	430958	2605	4596	4721	4103	215	403	98	50	48	93	2.0	1.6	15	55	481	2935	698	342	1322	2213	161	2052	25	13	12	9.3	316	5802	25
120	1	6463	5710	3996	1714	79	40	39	27	25	12	238	-	6192	3547	2645	2868	2368	2	498	84	43	41	77	0.0	2.1	28	28	28	1	12	6	3063	538	-	430958	3592	6566	6740	5588	50	1102	156	80	76	150	0.6	4.6	25	2	14	50	1375	363	1715	2670	173	2497	37	19	18	13	498	9722	48
76	-	4346	3754	2541	1213	54	28	27	18	17	8.8	172	2	4243	2352	1891	2054	1768	1	285	56	29	27	53	0.0	1.1	19	19	19	9	85	221	1955	379	1	430958	2475	4502	4424	3760	82	582	107	55	52	102	0.8	2.4	17	20	168	857	842	195	1405	2571	174	2397	30	15	14	8.2	362	6993	32
81	-	4291	3861	2765	1096	53	27	26	18	17	8.7	173	2	4210	2547	1663	1939	1684	1	254	57	29	28	55	0.0	0.9	19	19	19	11	129	817	1641	322	3	430958	2576	4385	4460	3937	37	486	108	55	53	104	0.4	1.6	17	18	198	1342	663	205	1130	1791	145	1646	21	11	10	5.9	420	8259	43
196	-	13085	11142	7885	3257	179	92	87	61	55	31	450	1	12298	7285	5013	5813	5278	2	533	196	101	95	184	0.0	2.1	65	66	65	1	9	9	6265	819	1	430958	7580	12680	13233	12174	26	1033	379	194	185	372	0.3	4.0	63	1	-	-	2639	625	4632	7162	554	6608	113	58	55	40	1029	20884	87
185	-	10640	9635	6956	2679	153	78	75	52	48	26	407	-	10900	6372	4528	5236	4621	-	615	165	85	80	152	-	2.6	55	56	55	2	23	70	5884	827	3	430958	6701	11526	12448	11040	32	1376	323	165	158	313	0.3	5.8	53	1	11	43	3216	563	3577	5534	361	5173	91	47	45	32	813	17384	79
431	-	22052	19059	12769	6290	316	155	161	108	99	65	816	1	19491	11060	8431	7368	6819	11	538	312	158	154	230	0.2	3.5	103	105	103	15	214	581	9736	1355	-	430958	12315	20343	19140	18283	8	849	588	301	287	553	0.0	5.4	101	15	193	1318	4458	1023	6605	10772	735	10037	171	87	84	60	1920	49168	181
234	1	15040	12448	8694	3754	205	104	102	70	63	39	476	2	14634	8369	6265	6792	5801	4	987	236	121	116	205	0.0	3.9	79	80	79	1	7	7	8775	887	2	430958	8774	16121	16744	14535	3	2206	469	240	228	448	0.0	9.0	78	1	7	7	4570	720	5548	8371	645	7726	138	70	68	50	1257	26218	107
102	3	5332	4565	3147	1418	62	31	30	21	20	9.2	237	1	5087	2961	2126	2302	1905	4	393	62	32	30	59	0.0	1.6	21	22	21	33	392	2745	1774	495	2	430958	3214	5175	5432	4479	135	818	116	59	57	110	1.4	3.4	19	82	836	6265	570	154	803	1423	92	1331	15	7.5	7.2	4.3	702	12666	59
51	2	2636	2316	1445	871	29	15	14	9.6	9.1	4.7	82	1	2183	1166	1017	1018	879	1	138	30	16	15	29	0.0	0.4	10	10	10	2	18	60	833	195	1	430958	1232	2419	2322	1970	25	327	55	28	27	54	0.2	0.9	9.0	2	16	105	340	86	425	601	37	564	6.6	3.3	3.3	1.8	296	5990	29
56	-	2836	2475	1698	777	32	16	16	11	10	5.5	91	4	2344	1250	1094	1118	967	2	149	33	17	16	32	0.0	0.3	11	11	11	5	43	161	1105	224	4	430958	1434	2756	2670	2243	76	351	62	32	31	60	0.8	0.8	10	9	54	277	346	68	437	688	48	640	7.8	4.0	3.9	1.9	354	7092	35
37	2	2062	1762	1230	532	23	12	12	7.9	7.5	4.0	81	4	1900	1116	784	913	820	-	93	23	12	12	22	-	0.3	7.8	8.2	8.1	15	88	273	709	204	2	430958	1105	2064	1976	1710	75	191	44	22	21	42	0.7	0.6	7.0	20	132	662	272	122	350	496	31	465	4.8	2.4	2.4	1.5	269	5030	25
44	-	2400	2002	1338	664	26	14	12	8.7	8.7	4.9	94	3	1944	1134	810	924	774	-	150	25	13	12	23	-	0.3	8.0	8.3	8.2	6	57	141	986	186	5	430958	1246	1940	2041	1708	39	294	44	23	21	42	0.3	0.7	7.0	13	102	437	380	74	342	587	40	547	6.4	3.2	3.2	1.9	233	3506	19
99	3	5099	4502	3380	1122	59	30	29	20	19	9.0	197	3	4900	3167	1733	2369	1948	2	419	62	32	30	58	0.0	2.0	21	21	21	20	207	770	2545	376	5	430958	3183	4269	5091	4297	16	778	116	59	56	111	0.1	3.4	19	35	313	1518	1144	119	625	1017	79	938	13	6.3	6.4	4.1	576	9020	50
81	-	4617	4077	2783	1294	57	29	28	19	18	10	194	1	4511	2741	1770	2097	1799	-	298	61	31	30	58	-	1.0	20	21	21	17	171	785	1999	374	1	430958	2656	4735	4674	4014	63	597	114	58	56	110	0.6	2.1	18	31	283	1736	907	188	1127	1921	110	1811	23	12	11	7.6	421	6787	40
137	3	8093	6955	5009	1946	101	52	49	34	32	17	294	1	7038	4403	2635	3491	3153	-	338	106	54	52	98	-	1.5	35	36	35	15	154	702	3519	511	5	430958	4665	6792	7526	6834	91	601	200	103	97	194	0.8	2.9	33	31	234	1321	1446	504	2745	4385	253	4132	59	30	29	19	515	11350	52
219	1	15988	12349	8477	3872	199	99	100	69	61	36	439	4	13705	7915	5790	6795	6011	2	782	219	113	107	205	0.0	3.0	72	74	73	13	162	741	7787	980	4	430958	8342	14828	15588	13765	45	1778	417	213	204	408	0.3	6.1	70	34	349	1599	3167	521	3886	5709	345	5364	97	49	48	31	1260	24340	137
71	1	4711	3748	2507	1241	51	26	25	17	16	8.1	172	4	4132	2297	1835	1870	1589	-	281	53	27	26	49	-	1.0	17	18	18	13	110	455	1703	395	10	430958	2599	4499	4508	3730	101	677	99	51	49	95	0.9	2.5	16	31	160	774	859	246	939	1629	69	1560	19	9.7	9.5	7.3	429	7875	38
58	1	3368	2872	1954	918	40	20	19	14	12	6.7	107	-	3101	1795	1306	1524	1287	-	237	43	22	21	40	-	0.9	14	15	14	3	17	23	1711	229	1	430958	2000	3316	3510	2911	17	582	83	43	40	80	0.1	2.2	14	9	58	142	919	193	910	1687	68	1619	19	9.6	9.4	7.7	264	6332	28
96	8	5938	5245	3611	1634	72	36	36	25	22	15	200	1	5369	3113	2256	2236	1929	4	303	72	36	36	62	0.0	1.0	24	25	24	11	86	344	2535	409	4	430958	3209	5404	5394	4697	36	661	132	68	65	125	0.3	2.0	22	29	213	792	1080	226	1323	2234	134	2100	28	14	14	8.9	483	10818	51
257	-	17866	14901	9985	4916	237	119	118	82	71	42	533	1	17025	9277	7748	7635	6231	2	1402	249	127	122	219	0.0	5.6	82	86	84	-	-	-	12477	1028	5	430958	9780	17435	17911	14404	27	3480	456	233	223	431	0.2	16	75	1	6	4	5606	766	4734	7596	332	7264	117	59	58	43	1267	28532	135
210	2	12860	10317	7182	3135	145	72	73	50	45	27	388	3	10890	6389	4501	4771	4091	-	680	159	81	78	144	-	2.0	52	55	54	15	219	1723	6669	787	3	430958	6795	11634	11793	10089	79	1625	300	154	146	290	0.7	5.0	49	47	501	3176	2722	696	3083	4915	248	4667	70	35	35	29	902	16812	83
51	2	2819	2633	1829	804	38	19	19	13	12	6.8	118	-	2988	1793	1195	1350	1080	-	270	40	21	19	34	-	0.8	13	14	14	13	140	376	1680	217	-	430958	1977	2925	3262	2582	15	665	73	37	36	67	0.1	2.0	12	17	132	521	761	201	832	1484	56	1428	17	8.5	8.2	6.2	197	4541	21
44	6	2697	2269	1485	784	29	14	14	9.5	8.9	4.4	135	2	2448	1394	1054	1060	906	3	151	29	14	14	25	0.0	0.4	9.3	10.0	9.9	17	119	389	1074	259	12	430958	1446	2348	2364	1896	135	333	49	25	24	46	1.0	1.0	8.0	43	223	819	478	106	440	695	42	653	8.0	4.0	4.0	2.3	210	3680	20
32	-	1586	1386	968	418	16	7.8	7.7	5.2	4.9	2.1	63	2	1510	900	610	668	538	1	129	16	8.4	8.0	15	0.0	0.4	5.4	5.4	5.4	-	-	-	620	132	3	430958	1023	1499	1579	1285	15	279	31	16	15	29	0.2	0.8	5.0	6	25	51	238	35	221	420	31	389	3.9	1.9	1.9	1.0	189	3642	16
46	2	2012	1779	1245	534	19	9.7	9.2	6.4	6.2	2.9	101	2	1940	1110	830	808	639	-	169	19	9.9	9.5	18	-	0.4	6.5	6.5	6.4	30	345	1790	695	213	3	430958	1236	1983	1979	1511	133	335	36	18	18	34	1.2	0.7	6.0	57	512	2850	259	104	278	517	41	476	4.1	2.1	2.0	1.6	290	5149	21
88	-	5064	4055	2816	1239	55	28	28	19	17	8.7	169	-	4167	2284	1883	1942	1626	-	316	56	28	27	51	-	1.4	18	19	19	15	159	708	2364	409	8	430958	2743	4533	4703	3807	129	767	104	54	50	98	1.0	3.7	17	37	254	1453	1352	329	1049	1548	59	1489	19	9.7	9.3	7.6	411	8253	42
128	1	6713	5360	3678	1682	74	37	37	25	23	14	274	-	5559	3124	2435	2526	2135	-	391	80	41	39	70	-	1.2	27	27	27	20	235	1018	2940	522	1	430958	3088	6355	6395	5323	135	937	153	79	75	146	1.2	3.5	26	47	407	2542	1341	303	1481	2284	153	2131	33	17	16	11	617	11604	59
74	7	3508	2965	2052	913	35	18	18	12	11	4.7	170	2	3210	1797	1413	1491	1252	2	237	38	19	19	36	0.0	0.7	13	13	13	12	72	136	1357	321	4	430958	1831	3300	3347	2675	182	490	71	36	35	67	1.5	1.5	12	27	137	406	487	198	804	1221	98	1123	16	8.3	8.0	5.1	312	5124	25
35	3	2067	1715	936	779	20	9.8	10	6.8	6.6	3.3	90	3	1884	919	965	826	655	2	169	21	11	10	19	0.0	0.5	6.9	7.2	7.1	10	89	246	754	216	6	430958	1016	2146	1976	1504	58	414	38	19	18	35	0.3	1.3	6.0	21	137	532	265	182	421	802	25	777	7.3	3.7	3.6	3.7	214	3601	14
42	-	2594	2166	1328	838	26	13	13	9.1	8.2	4.2	79	-	2183	1133	1050	959	801	-	158	28	15	14	26	-	0.4	9.3	9.7	9.4	9	49	115	956	177	2	430958	1217	2446	2362	1946	13	403	53	27	26	51	0.1	1.1	9.0	17	106	583	362	169	772	1202	49	1153	14	7.1	6.8	4.6	208	4445	20
61	5	3086	2837	1951	886	36	18	18	12	12	5.9	139	1	3042	1702	1340	1326	1105	-	221	37	19	18	35	-	0.6	12	13	13	16	148	585	1166	308	1	430958	1876	3321	3431	2769	131	531	72	37	35	69	0.9	1.4	12	51	322	1266	510	179	893	1401	100	1301	18	9.1	9.0	5.5	312	5210	24
44	2	2369	2045	1246	799	20	10	9.8	6.4	6.4	2.9	130	1	2192	1122	1070	781	606	2	173	20	10	9.6	16	0.0	0.3	6.6	6.6	6.5	39	288	987	907	242	3	430958	933	2155	1971	1462	123	386	35	18	17	33	1.1	0.9	6.0	75	305	1691	388	56	219	417	31	386	4.2	2.2	2.0	1.3	257	4436	19
163	2	9538	8654	5852	2802	133	66	67	45	42	22	368	3	9737	5368	4369	4467	3912	-	555	141	72	69	131	-	2.0	47	48	47	10	95	245	5529	749	6	430958	5630	10609	10651	9368	72	1211	274	140	134	265	0.5	5.0	47	20	143	582	2641	484	3017	4886	359	4527	68	34	33	21	918	19812	101
45	-	2333	2135	1419	716	26	13	13	8.6	8.3	3.5	98	1	2280	1202	1078	927	764	3	160	27	14	13	25	0.0	0.4	8.8	9.1	8.8	7	65	109	974	164	10	430958	1228	2116	2067	1682	33	352	48	24	23	46	0.3	1.1	8.0	16	89	352	359	104	498	760	72	688	9.6	4.9	4.7	2.7	223	4169	20
79	-	3608	3317	2283	1034	41	21	20	14	13	5.7	192	2	3478	1820	1658	1462	1248	8	206	41	21	20	38	0.0	0.5	13	14	14	51	596	3960	1252	352	14	430958	2434	3038	3408	2805	203	400	74	38	36	70	1.9	1.0	12	101	950	7093	387	172	760	1212	94	1118	14	7.0	6.7	4.2	440	7272	32
74	4	4222	3883	2630	1253	50	25	24	17	16	7.2	178	2	4145	2417	1728	1832	1489	1	342	52	26	25	49	0.0	1.0	17	18	17	20	269	1413	1475	367	10	430958	2895	4095	4425	3536	94	795	98	50	48	94	1.0	2.5	17	43	377	2861	385	143	742	1124	81	1043	16	7.9	7.9	4.7	589	10283	49
58	4	3042	2698	1869	829	33	16	17	11	10	4.7	139	1	2707	1592	1115	1204	1045	-	159	32	16	16	30	-	0.5	11	11	11	20	148	553	1156	289	9	430958	1634	2871	2836	2360	134	342	61	31	30	58	1.1	1.0	10	52	304	1304	409	215	609	997	61	936	12	6.3	6.1	6.0	281	4871	22
52	1	2884	2680	1861	819	33	17	16	11	11	4.6	145	-	2905	1642	1263	1186	987	10	189	33	17	16	30	0.1	0.5	11	11	11	19	203	985	998	242	5	430958	1627	2513	2702	2233	130	339	62	32	30	59	1.0	1.2	11	39	269	1317	321	133	558	814	72	742	10	5.2	5.1	2.9	394	6787	30
94	-	4785	4362	3037	1325	48	24	24	16	15	6.3	244	4	4388	2589	1799	1710	1446	29	235	48	25	23	45	0.1	0.7	16	16	16	97	919	5885	1603	543	7	430958	3485	3917	4564	3505	524	535	91	47	45	84	3.8	1.9	15	230	1821	12290	537	238	926	1358	164	1194	19	9.8	9.5	6.1	481	8168	36
64	-	4043	3665	2038	1627	47	24	23	16	15	5.5	155	1	3685	1865	1820	1665	1453	17	195	51	26	25	47	0.1	0.8	17	17	16	58	636	4219	1915	273	1	430958	1841	3975	3831	3265	135	431	99	51	48	94	1.0	2.0	17	90	914	8825	1388	276	798	1184	82	1102	18	9.1	8.9	13	399	8111	33
