<TITLE>
The attendance rate for schools at every level by prefecture
<SUBTITLE> 
Year
<EXCEL COLUMN RANGE>
See PrefectureDataAll excel file
<VECTOR LABELS>
1980
1985
1990
1995
2000
2005
2010
2012
2013
2014
<DATA>
4946	262	283871	243592	200001	43591	4622	2330	2292	1628	1399	446	10650	130	251279	170811	80468	136465	129418	322	6725	5094	2607	2488	4870	2.3	37	1854	1723	1624	1801	16825	144402	29653	23701	1244	467953	203021	264932	350841	327643	8862	14336	11827	6062	5765	11564	80	76	2056	5359	35101	338216	24660	14893	76349	100958	6038	94920	2407	1230	1177	1300	22036	175085	1996
5250	203	316536	266809	216824	49985	5178	2609	2568	1771	1374	419	11028	103	285123	188409	96714	156516	149266	312	6938	5990	3068	2922	5742	2.2	34	2047	1882	1772	1618	14998	124494	49948	24058	982	461256	203037	258219	337313	314060	8158	15095	11095	5682	5413	10845	74	69	1683	4874	32242	296927	21218	15220	72805	98455	6142	92313	2068	1056	1012	1044	22899	177379	1844
5342	164	346278	286006	227341	58665	5623	2830	2794	1871	1767	540	11182	93	286065	182058	104007	152466	145267	304	6895	5369	2748	2621	5102	2.0	27	1733	1982	1884	1810	18628	164079	66435	24021	806	444218	185030	259188	315426	293557	7480	14389	9373	4798	4575	9147	65	50	1502	5000	37646	356757	25491	15076	73598	100932	6318	94614	2008	1021	987	968	22703	315408	1724
5354	147	342672	281117	215792	65325	4725	2374	2351	1552	1591	598	11194	80	271020	164683	106337	137075	129674	234	7167	4570	2339	2232	4277	1.3	22	1513	1622	1568	1714	18271	142008	116778	23893	655	430958	167332	263626	295244	273249	6870	15125	8370	4283	4088	8156	56	44	1300	4726	36621	305625	71047	14856	72615	102992	6235	96757	1808	918	891	818	22488	350927	1679
5345	133	331594	269027	200180	68847	4165	2091	2075	1400	1329	600	11140	69	257605	153290	104315	126643	118162	234	8247	4104	2100	2004	3811	1.5	23	1326	1465	1421	1633	17519	123875	145526	23573	533	430958	153652	253946	271693	246539	7145	18009	7366	3769	3597	7146	56	49	1192	4364	33092	240144	78044	14451	72898	106067	6282	99785	1774	899	875	759	22199	409270	1904
5304	114	318784	251408	181933	69475	3605	1828	1778	1184	1203	568	10960	75	248694	146603	102091	118182	107649	225	10308	3626	1854	1772	3320	1.3	29	1200	1236	1207	1444	15252	94146	128596	22738	385	430958	155274	261559	276083	245910	6467	23706	7197	3680	3517	6961	51	67	1200	3664	28067	190400	59053	13949	73616	110393	6807	103586	1739	883	856	692	22624	416542	2118
5018	98	307812	238929	168652	70277	3369	1703	1665	1166	1069	581	10735	80	250899	145744	105155	121070	107225	202	13643	3558	1817	1741	3225	1.2	44	1185	1228	1204	1183	12563	68270	124544	21730	270	430958	156030	263746	277503	241279	5857	30367	6993	3579	3414	6721	47	101	1122	2669	21326	137044	52594	13392	70866	110580	7250	103330	1606	814	792	597	21681	442703	2057
4930	92	308424	237224	165440	71784	3356	1692	1664	1135	1053	563	10617	82	253753	146409	107344	122445	107384	191	14870	3553	1816	1737	3219	1.0	50	1174	1195	1175	1101	11772	61622	121509	21228	232	430958	156101	262606	275058	236845	5440	32773	6765	3462	3303	6485	44	114	1061	2356	19348	122880	53952	13170	70560	110836	7418	103418	1604	814	791	575	22720	470708	2188
4893	88	307346	235062	162968	72094	3320	1672	1647	1125	1088	579	10547	81	254235	146114	108121	122915	107113	192	15610	3536	1809	1727	3201	1.0	54	1168	1185	1166	1073	11488	59476	125465	20916	215	430958	156444	261109	273811	234443	5235	34133	6677	3416	3261	6393	43	121	1088	2206	18489	117246	55486	13043	70083	111111	7373	103738	1584	804	780	559	22594	476450	2185
4872	91	307635	235306	162476	72830	3334	1678	1656	1132	1047	563	10476	81	253832	145684	108148	122924	106259	183	16482	3504	1793	1711	3168	1.0	58	1161	1193	1174	1033	11096	56312	-	20651	201	430958	156600	259875	272698	232082	5046	35570	6600	3377	3223	6311	41	129	1091	2097	17854	112495	-	12905	69470	111059	7411	103648	1557	790	768	544	-	-	-
