<TITLE>
Participants, Average Days for Participation and Participation Rate in Sports by Sex and Frequency
<SUBTITLE> 
Men
<EXCEL COLUMN RANGE>
Q-AF
<VECTOR LABELS>
Baseball (including playing catch)
Softball
Volleyball
Basketball
Soccer (including futsal)
Table tennis
Tennis
Badminton
Golf (including golf practice range)
Judo
Kendo
Gate ball
Bowling
Fishing
Swimming
Skiing, snowboarding
Mountain climbing or hiking
Cycling
Jogging, marathon
Walking or light physical exercise
Training with gym equipment
<DATA>
 2,090	 1,063	 1,153	 819	 546	 469	 661	51.2	12.5	3.8	1.9	2.1	1.5	1.0	0.8	1.2
 1,300	 429	 416	 272	 200	 121	 49	23.8	5.2	2.3	0.8	0.8	0.5	0.4	0.2	0.1
 778	 258	 227	 157	 168	 119	 116	40.6	3.4	1.4	0.5	0.4	0.3	0.3	0.2	0.2
 775	 294	 349	 240	 246	 198	 294	60.9	4.4	1.4	0.5	0.6	0.4	0.4	0.4	0.5
 1,367	 797	 816	 600	 626	 455	 627	61.9	9.7	2.5	1.4	1.5	1.1	1.1	0.8	1.1
 1,408	 342	 249	 174	 172	 132	 167	35.3	4.9	2.5	0.6	0.4	0.3	0.3	0.2	0.3
 783	 259	 254	 223	 383	 245	 316	67.6	4.5	1.4	0.5	0.5	0.4	0.7	0.4	0.6
 1,139	 333	 249	 151	 183	 91	 65	26.2	4.0	2.1	0.6	0.4	0.3	0.3	0.2	0.1
 1,909	 1,411	 1,590	 1,266	 814	 373	 123	29.7	13.7	3.4	2.5	2.9	2.3	1.5	0.7	0.2
 104	 65	 75	 56	 68	 66	 66	73.2	1.0	0.2	0.1	0.1	0.1	0.1	0.1	0.1
 72	 46	 61	 66	 75	 100	 120	106.3	1.0	0.1	0.1	0.1	0.1	0.1	0.2	0.2
 177	 32	 47	 36	 38	 58	 23	49.0	0.8	0.3	0.1	0.1	0.1	0.1	0.1	0.0
 6,198	 1,139	 575	 184	 122	 52	 16	7.0	15.1	11.2	2.1	1.0	0.3	0.2	0.1	0.0
 3,554	 1,267	 1,054	 743	 357	 153	 53	16.4	13.2	6.4	2.3	1.9	1.3	0.6	0.3	0.1
 2,809	 1,242	 783	 446	 551	 272	 151	25.9	11.4	5.1	2.2	1.4	0.8	1.0	0.5	0.3
 2,426	 725	 297	 137	 50	 15	 6	7.4	6.7	4.4	1.3	0.5	0.2	0.1	0.0	0.0
 3,499	 907	 532	 213	 68	 24	 17	8.1	9.6	6.3	1.6	1.0	0.4	0.1	0.0	0.0
 1,634	 915	 926	 698	 730	 446	 476	50.9	10.6	2.9	1.6	1.7	1.3	1.3	0.8	0.9
 1,088	 895	 1,125	 1,024	 1,128	 1,035	 721	70.2	12.8	2.0	1.6	2.0	1.8	2.0	1.9	1.3
 1,446	 1,217	 1,997	 2,127	 2,768	 3,377	 4,099	115.0	31.1	2.6	2.2	3.6	3.8	5.0	6.1	7.4
 623	 520	 799	 789	 1,067	 1,179	 708	86.3	10.4	1.1	0.9	1.4	1.4	1.9	2.1	1.3
