<TITLE>
<SUBTITLE> 
<EXCEL COLUMN RANGE>
<VECTOR LABELS>
Average Spending Supermarkets
Average Spending Retail outlets
February Supermarkets	
February retail outlets
April Supermarkets	
April retail outlets
June Supermarkets	
June retail outlets
August Supermarkets	
August retail outlets
October Supermarkets	
October retail outlets
December Supermarkets	
December retail outlets
<DATA>
1816	1990	2044	1957	1974	1821	1934	2029	2068	1900	1976	2161	1852	2232	1983	2104	1886	1907	1911	2082	2048	2016	2084	2163	1992	2181	1882	1950
1,965	1,858	2,111	2,043	2,242	2,018	1,961	2,230	2,097	2,121	2,182	2,390	2,151	1,983	2,116	2,062	1,968	1,956	1,939	2,304	2,188	2,048	2,116	2,032	2,146	2,161	2,215	2,002
1,798	2,025	2,094	1,930	1,980	1,850	1,955	2,106	2,105	1,955	1,955	2,240	1,905	2,214	1,980	2,103	1,975	1,955	2,013	2,183	2,055	2,090	2,166	2,160	2,005	2,355	1,923	1,930	
2,020	1,878	2,165	2,100	2,288	2,013	1,948	2,260	2,088	2,140	2,195	2,395	2,128	2,023	2,139	2,008	1,989	1,950	1,959	2,338	2,263	2,037	2,140	2,100	2,268	2,188	2,200	2,069
1,885	2,084	2,111	2,025	2,130	1,872	1,884	2,114	2,101	1,957	2,099	2,223	1,953	2,276	2,018	2,149	1,982	2,004	1,966	2,230	2,102	2,072	2,169	2,207	2,000	2,314	2,041	1,993
2,047	1,905	2,207	2,113	2,275	2,070	1,974	2,289	2,113	2,190	2,234	2,425	2,195	2,038	2,111	2,051	2,053	1,983	2,011	2,350	2,238	2,090	2,187	2,038	2,298	2,255	2,318	2,094
1,885	2,080	2,111	2,063	1,982	1,894	2,008	2,037	2,101	1,962	2,038	2,253	1,894	2,276	1,996	2,149	1,983	1,985	1,976	2,149	2,105	2,033	2,153	2,217	2,025	2,293	1,868	1,962
2,047	1,955	2,207	2,113	2,275	2,058	1,981	2,289	2,128	2,190	2,262	2,425	2,245	2,038	2,111	2,027	2,053	1,983	2,011	2,350	2,238	2,090	2,197	2,038	2,198	2,272	2,280	2,094
1,920	2,035	2,013	2,061	1,956	1,875	1,951	1,981	2,101	1,919	2,027	2,197	1,981	2,223	1,969	2,153	1,940	1,900	1,933	2,071	2,090	2,028	2,153	2,222	2,060	2,133	1,908	1,962	
2,047	1,955	2,207	2,113	2,275	2,058	2,066	2,289	2,103	2,190	2,300	2,425	2,245	2,013	2,111	2,198	2,053	1,983	2,011	2,350	2,238	2,090	2,197	2,038	2,198	2,272	2,280	2,094
