<TITLE>
Expenditure, supermarkets/retail by month and education. Features are prefectures.
<SUBTITLE> 
See 
Expenditure-Stores-Retail-Education Excel document... 
<EXCEL COLUMN RANGE>
Features are prefectures: [Akita, Aomori, Chiba, Fukui, Fukuoka, Fukushima, Gifu, Hiroshima, Kagoshima, Kochi, Kumamoto, Kyoto, Miyazaki, Nagano, Nagasaki, Nara, Niigata, Oita, Okayama, Okinawa, Osaka, Saga, Saitama, Tokushima, Tottori, Wakayama, Yamagata, Yamaguchi]
<VECTOR LABELS>
Average Spending Supermarkets
Average Spending Retail outlets
February Supermarkets	
February retail outlets
April Supermarkets	
April retail outlets
June Supermarkets	
June retail outlets
August Supermarkets	
August retail outlets
October Supermarkets	
October retail outlets
December Supermarkets	
December retail outlets
Local educational expenditure (billion yen)
Elementary schools
Lower secondary schools
<DATA>
1816	1990	2044	1957	1974	1821	1934	2029	2068	1900	1976	2161	1852	2232	1983	2104	1886	1907	1911	2082	2048	2016	2084	2163	1992	2181	1882	1950
1965	1858	2111	2043	2242	2018	1961	2230	2097	2121	2182	2390	2151	1983	2116	2062	1968	1956	1939	2304	2188	2048	2116	2032	2146	2161	2215	2002
1798	2025	2094	1930	1980	1850	1955	2106	2105	1955	1955	2240	1905	2214	1980	2103	1975	1955	2013	2183	2055	2090	2166	2160	2005	2355	1923	1930	
2020	1878	2165	2100	2288	2013	1948	2260	2088	2140	2195	2395	2128	2023	2139	2008	1989	1950	1959	2338	2263	2037	2140	2100	2268	2188	2200	2069
1885	2084	2111	2025	2130	1872	1884	2114	2101	1957	2099	2223	1953	2276	2018	2149	1982	2004	1966	2230	2102	2072	2169	2207	2000	2314	2041	1993
2047	1905	2207	2113	2275	2070	1974	2289	2113	2190	2234	2425	2195	2038	2111	2051	2053	1983	2011	2350	2238	2090	2187	2038	2298	2255	2318	2094
1885	2080	2111	2063	1982	1894	2008	2037	2101	1962	2038	2253	1894	2276	1996	2149	1983	1985	1976	2149	2105	2033	2153	2217	2025	2293	1868	1962
2047	1955	2207	2113	2275	2058	1981	2289	2128	2190	2262	2425	2245	2038	2111	2027	2053	1983	2011	2350	2238	2090	2197	2038	2198	2272	2280	2094
1920	2035	2013	2061	1956	1875	1951	1981	2101	1919	2027	2197	1981	2223	1969	2153	1940	1900	1933	2071	2090	2028	2153	2222	2060	2133	1908	1962	
2047	1955	2207	2113	2275	2058	2066	2289	2103	2190	2300	2425	2245	2013	2111	2198	2053	1983	2011	2350	2238	2090	2197	2038	2198	2272	2280	2094
1713	1836	2003	1831	1898	1769	2005	1942	1977	1782	1972	2126	1726	2223	1968	2035	1714	1807	1832	2010	1968	2028	1988	2183	1927	2004	1754	1935
1821	1728	1934	1908	2225	2000	1981	2145	2088	2008	2133	2335	2195	1941	2111	2198	1841	1962	1889	2225	2075	1990	2015	2000	1953	1914	2106	1830
1697	1878	1932	1831	1897	1663	1801	1996	2020	1827	1765	1926	1655	2179	1968	2032	1722	1790	1746	1851	1968	1842	1875	1991	1934	1986	1800	1920
1806	1728	1947	1908	2113	1910	1814	2108	2060	2008	1967	2335	1898	1844	2111	1892	1816	1875	1755	2213	2075	1990	1961	1975	1963	2067	2106	1830
172	213	686	135	581	327	272	364	255	133	247	303	157	309	219	174	382	178	257	235	901	134	731	124	103	158	180	199
1111	1111	850	1082	833	1055	858	929	1077	1423	1014	896	842	931	1070	909	1246	1068	912	851	804	1009	751	1128	1121	1173	1175	985
1444	1182	1042	1139	985	1192	1013	1082	1130	1695	1087	1075	1069	1122	1227	947	1316	1186	1018	962	873	1153	873	1340	1281	1253	1167	1190
