<TITLE>
Expenditure supermarkets/retail by month and education. LABELS are prefectures.
<SUBTITLE> 
See Expenditure-Stores-Retail-Education Excel document... 
<EXCEL COLUMN RANGE>
See Expenditure-Stores-Retail-Education Excel document... 
<VECTOR LABELS>
Akita
Aomori
Chiba
Fukui
Fukuoka
Fukushima
Gifu
Hiroshima
Kagoshima
Kochi
Kumamoto
Kyoto
Miyazaki
Nagano
Nagasaki
Nara
Niigata
Oita
Okayama
Osaka
Otsu
Saga
Saitama
Tokushima
Tottori
Wakayama
Yamagata
Yamaguchi
<DATA>
1816	1965	1798	2020	1885	2047	1885	2047	1920	2047	1713	1821	1697	1806	172	1111	1444
1990	1858	2025	1878	2084	1905	2080	1955	2035	1955	1836	1728	1878	1728	213	1111	1182
2044	2111	2094	2165	2111	2207	2111	2207	2013	2207	2003	1934	1932	1947	686	850	1042
1957	2043	1930	2100	2025	2113	2063	2113	2061	2113	1831	1908	1831	1908	135	1082	1139
1974	2242	1980	2288	2130	2275	1982	2275	1956	2275	1898	2225	1897	2113	581	833	985
1821	2018	1850	2013	1872	2070	1894	2058	1875	2058	1769	2000	1663	1910	327	1055	1192
1934	1961	1955	1948	1884	1974	2008	1981	1951	2066	2005	1981	1801	1814	272	858	1013
2029	2230	2106	2260	2114	2289	2037	2289	1981	2289	1942	2145	1996	2108	364	929	1082
2068	2097	2105	2088	2101	2113	2101	2128	2101	2103	1977	2088	2020	2060	255	1077	1130
1900	2121	1955	2140	1957	2190	1962	2190	1919	2190	1782	2008	1827	2008	133	1423	1695
1976	2182	1955	2195	2099	2234	2038	2262	2027	2300	1972	2133	1765	1967	247	1014	1087
2161	2390	2240	2395	2223	2425	2253	2425	2197	2425	2126	2335	1926	2335	303	896	1075
1852	2151	1905	2128	1953	2195	1894	2245	1981	2245	1726	2195	1655	1898	157	842	1069
2232	1983	2214	2023	2276	2038	2276	2038	2223	2013	2223	1941	2179	1844	309	931	1122
1983	2116	1980	2139	2018	2111	1996	2111	1969	2111	1968	2111	1968	2111	219	1070	1227
2104	2062	2103	2008	2149	2051	2149	2027	2153	2198	2035	2198	2032	1892	174	909	947
1886	1968	1975	1989	1982	2053	1983	2053	1940	2053	1714	1841	1722	1816	382	1246	1316
1907	1956	1955	1950	2004	1983	1985	1983	1900	1983	1807	1962	1790	1875	178	1068	1186
1911	1939	2013	1959	1966	2011	1976	2011	1933	2011	1832	1889	1746	1755	257	912	1018
2082	2304	2183	2338	2230	2350	2149	2350	2071	2350	2010	2225	1851	2213	235	851	962
2048	2188	2055	2263	2102	2238	2105	2238	2090	2238	1968	2075	1968	2075	901	804	873
2016	2048	2090	2037	2072	2090	2033	2090	2028	2090	2028	1990	1842	1990	134	1009	1153
2084	2116	2166	2140	2169	2187	2153	2197	2153	2197	1988	2015	1875	1961	731	751	873
2163	2032	2160	2100	2207	2038	2217	2038	2222	2038	2183	2000	1991	1975	124	1128	1340
1992	2146	2005	2268	2000	2298	2025	2198	2060	2198	1927	1953	1934	1963	103	1121	1281
2181	2161	2355	2188	2314	2255	2293	2272	2133	2272	2004	1914	1986	2067	158	1173	1253
1882	2215	1923	2200	2041	2318	1868	2280	1908	2280	1754	2106	1800	2106	180	1175	1167
1950	2002	1930	2069	1993	2094	1962	2094	1962	2094	1935	1830	1920	1830	199	985	1190