<TITLE>
Number of Educational Institutions 
<SUBTITLE> 
Which regiona have similar numbers of schools?
<EXCEL COLUMN RANGE>
E-V
<VECTOR LABELS>
hokkaido
aomori-ken
iwate-ken
miyagi-ken
akita-ken
yamagata-ken
fukushima-ken
ibaraki-ken
tochigi-ken
gumma-ken
saitama-ken
chiba-ken
tokyo-to
kanagawa-ken
niigata-ken
toyama-ken
ishikawa-ken
fukui-ken
yamanashi-ken
nagano-ken
gifu-ken
shizuoka-ken
aichi-ken
mie-ken
shiga-ken
kyoto-fu
osaka-fu
hyogo-ken
nara-ken
wakayama-ken
tottori-ken
shimane-ken
okayama-ken
hiroshima-ken
yamaguchi-ken
tokushima-ken
kagawa-ken
ehime-ken
kochi-ken
fukuoka-ken
saga-ken
nagasaki-ken
kumamoto-ken
oita-ken
miyazaki-ken
kagoshima-ken
okinawa-ken
<DATA>
478.0	461.7	416.9	455.0	466.3	441.5	195.8	200.4	188.1	420.7	453.8	441.6	312.8	327.9	342.4	6.42	5.62	5.07
480.6	478.8	427.7	397.7	428.2	413.4	191.2	196.5	187.4	373.9	431.2	391.7	686.9	771.4	781.6	12.52	10.73	9.58
570.7	557.7	491.2	475.3	508.9	453.5	201.3	197.5	195.1	431.2	475.4	456.0	497.6	562.8	577.8	12.05	10.67	9.40
351.6	357.7	321.5	338.6	339.9	326.3	145.6	149.3	143.4	495.7	520.6	484.3	264.9	278.0	292.8	14.89	14.47	13.02
492.6	492.1	435.7	412.5	453.2	422.3	179.0	199.3	180.4	398.8	419.7	397.6	471.2	549.2	576.7	9.32	7.92	7.01
527.3	534.2	444.1	355.4	357.3	315.7	167.6	189.1	172.4	370.2	406.9	385.3	375.0	416.4	420.1	12.67	11.63	9.67
442.3	445.0	413.8	363.0	398.5	385.6	158.0	172.8	169.7	630.9	699.3	670.0	267.3	312.9	306.9	13.23	12.13	11.28
335.2	343.8	324.5	273.2	282.2	275.3	140.2	147.3	136.0	488.6	505.4	482.8	275.9	305.9	327.7	14.59	14.32	13.51
369.8	356.5	342.1	299.0	307.2	305.5	131.9	136.7	129.8	366.0	390.7	377.2	303.1	324.2	334.0	14.46	13.28	12.75
290.7	299.3	283.6	302.6	298.0	293.0	142.1	133.7	133.7	410.6	410.9	397.4	369.5	390.5	397.5	15.21	14.91	14.12
206.4	212.6	210.5	223.1	222.1	223.1	100.5	96.3	94.4	330.0	345.5	342.2	212.8	238.4	269.9	32.47	32.17	31.86
259.7	262.0	253.8	247.8	245.4	246.0	115.9	112.8	110.4	361.5	379.9	365.6	211.1	224.3	247.1	24.85	24.27	23.50
242.5	232.6	230.0	301.2	279.4	277.7	155.1	145.6	144.3	376.5	367.7	355.9	284.2	278.6	298.6	99.50	98.49	97.18
189.1	185.1	184.3	212.2	197.1	196.6	105.2	98.4	97.9	305.8	319.4	313.7	172.9	200.1	247.9	62.13	60.87	60.60
419.4	430.3	400.5	344.3	355.6	349.7	158.1	150.4	147.5	254.7	284.3	275.4	588.7	620.7	608.8	12.85	11.86	11.03
366.0	341.2	329.5	283.7	270.2	270.2	175.7	197.1	171.3	343.5	353.9	323.8	554.9	562.6	562.6	12.11	10.96	10.58
364.5	354.5	346.9	329.6	300.6	280.0	179.4	174.7	163.0	235.5	247.2	224.1	620.6	568.6	577.0	17.93	16.78	16.42
441.0	457.2	448.5	338.9	346.0	346.0	142.7	154.2	154.2	542.2	598.5	575.0	620.0	597.2	626.0	20.63	19.55	19.17
411.7	441.7	399.8	385.7	390.2	367.5	163.0	165.3	158.1	305.0	354.3	349.6	517.6	551.4	539.3	23.04	22.16	20.05
316.4	319.0	310.0	306.7	310.4	311.9	156.4	159.3	156.2	190.5	212.5	212.5	508.1	520.5	492.9	12.31	11.83	11.50
313.9	313.1	309.8	320.7	320.6	311.1	125.3	129.3	127.8	315.0	346.4	346.4	374.3	386.8	380.2	18.33	17.23	17.04
251.3	252.1	245.9	267.7	273.7	274.6	124.9	131.5	127.8	496.0	522.6	513.5	239.8	247.1	251.7	20.06	19.21	18.75
227.7	227.0	227.2	212.1	200.8	203.0	109.4	104.0	103.0	242.4	254.7	253.7	275.5	271.3	283.6	33.41	33.04	32.99
402.3	404.1	386.9	340.7	337.7	323.0	136.1	137.5	128.6	502.5	542.4	515.2	431.6	437.2	433.0	21.81	20.69	19.84
273.4	272.3	265.4	247.7	246.9	246.9	126.7	134.8	137.1	438.9	471.4	473.9	285.6	292.3	313.3	18.31	18.20	17.72
318.3	321.6	301.2	302.6	289.7	285.4	143.2	146.8	145.4	338.1	356.3	351.6	363.6	349.1	347.5	38.87	37.46	35.11
211.8	217.2	215.2	223.6	215.6	215.6	119.0	109.4	106.1	329.5	363.6	350.4	237.6	255.1	260.4	79.83	79.16	78.02
259.5	259.3	252.3	249.0	244.3	240.6	132.1	134.1	131.0	479.2	508.1	487.1	276.1	278.2	293.4	30.63	29.26	28.42
295.0	287.7	283.8	281.2	290.5	288.1	156.5	122.7	122.7	540.9	595.3	583.7	262.7	249.3	267.3	28.34	25.84	25.49
530.9	542.3	506.8	471.7	482.6	465.6	159.4	164.9	164.9	440.0	510.2	462.3	444.3	467.7	445.6	28.78	26.46	24.77
508.8	457.4	420.1	338.5	388.7	388.7	151.3	171.8	177.3	274.7	262.4	235.5	638.0	625.7	611.9	19.19	16.14	14.83
658.3	649.9	570.7	499.4	528.0	513.1	205.4	228.2	219.1	631.4	685.4	594.0	702.5	755.2	784.4	21.49	19.10	16.76
393.9	392.9	382.8	315.9	306.3	297.5	177.3	159.2	154.0	626.9	670.1	660.0	375.9	378.4	398.6	20.13	19.22	18.71
372.9	366.2	333.6	345.7	342.9	336.7	160.0	160.2	155.4	424.4	431.3	408.4	397.7	369.9	394.1	27.17	25.06	22.84
447.8	456.9	427.9	455.6	448.6	431.1	206.1	201.5	196.6	530.0	588.1	573.6	427.3	412.0	429.6	20.68	20.22	18.96
635.2	660.2	551.0	426.7	453.3	434.6	186.5	188.5	170.6	1,109.1	1,240.2	1,021.3	563.5	601.6	584.4	27.01	25.97	21.67
364.1	346.1	326.1	321.4	304.8	286.7	146.2	149.4	149.4	656.5	707.7	675.7	379.0	408.4	406.3	20.77	18.95	17.84
440.9	457.8	405.3	357.0	348.9	341.6	157.3	161.5	154.4	498.6	539.1	521.7	453.6	462.0	442.9	21.79	20.94	18.56
744.8	707.0	639.2	638.7	657.8	629.0	209.9	212.8	204.0	325.0	359.7	324.9	760.0	749.1	740.2	26.87	23.35	21.13
274.5	280.0	274.2	260.4	262.5	259.7	116.7	112.3	112.3	370.3	379.4	368.8	322.9	303.9	323.5	28.55	27.80	27.13
357.9	363.2	343.4	343.5	377.1	362.4	152.3	159.8	159.8	428.9	473.8	452.0	441.3	448.7	444.3	14.48	13.80	13.04
466.7	499.5	461.6	440.4	483.4	446.6	170.4	177.8	169.3	471.4	515.1	481.5	553.3	578.5	575.7	25.69	24.24	22.04
435.4	423.9	372.5	336.1	354.8	336.1	135.9	154.7	137.1	307.0	314.4	303.8	595.9	570.4	583.0	17.11	15.70	13.78
545.6	517.7	473.3	426.4	423.5	417.5	180.2	184.3	175.8	791.7	763.0	725.9	460.1	441.4	448.1	20.84	18.67	17.06
402.7	408.6	385.2	399.6	426.3	417.6	146.2	154.8	143.9	436.8	456.6	446.5	653.7	584.1	619.3	15.36	14.20	13.39
595.5	632.5	583.7	490.3	528.0	490.4	169.8	172.3	170.5	577.4	578.2	539.7	471.5	487.7	504.6	18.78	18.22	16.82
276.3	282.4	276.3	308.2	322.4	308.5	121.0	122.1	122.1	563.0	581.6	577.5	354.1	341.7	355.1	24.43	23.98	23.37
