<TITLE>
Educational Expenses per student
<SUBTITLE> 
Which regiona have similar education expenses?
<EXCEL COLUMN RANGE>
GM-GX
<VECTOR LABELS>
hokkaido
aomori-ken
iwate-ken
miyagi-ken
akita-ken
yamagata-ken
fukushima-ken
ibaraki-ken
tochigi-ken
gumma-ken
saitama-ken
chiba-ken
tokyo-to
kanagawa-ken
niigata-ken
toyama-ken
ishikawa-ken
fukui-ken
yamanashi-ken
nagano-ken
gifu-ken
shizuoka-ken
aichi-ken
mie-ken
shiga-ken
kyoto-fu
osaka-fu
hyogo-ken
nara-ken
wakayama-ken
tottori-ken
shimane-ken
okayama-ken
hiroshima-ken
yamaguchi-ken
tokushima-ken
kagawa-ken
ehime-ken
kochi-ken
fukuoka-ken
saga-ken
nagasaki-ken
kumamoto-ken
oita-ken
miyazaki-ken
kagoshima-ken
okinawa-ken
<DATA>
894799	908184	912818	1036623	1072875	1054908	1148772	1126700	1109707	698606	797948	795768
1052852	1064337	1090817	1158415	1275899	1316032	1291235	1177935	1093856	937502	1477462	1275697
992234	1140478	1111449	1073329	1213681	1182332	1279377	1328817	1274049	1090000	1293185	1608381
1026399	1168638	1224001	1071735	1253111	1329318	1324061	1190935	1486740	839041	1073983	1082373
923133	927007	1003602	1058973	1086229	1200344	1179581	1382753	1285987	753408	964421	1021966
1039540	1141050	1110788	1107964	1414997	1443831	1132332	1423464	1354145	763665	911615	1358823
1052885	1263076	1174939	987973	1231817	1167214	1145437	1214763	1196685	796162	1027341	995078
887604	958215	1054959	994480	1092865	1191881	1167795	1099412	1461175	603109	740672	967645
816868	930057	958664	964864	1073957	1117741	1074194	1049388	1075553	665103	819471	858128
907500	890422	958828	988144	1067093	1048883	999853	1232619	1021290	693073	896294	848132
807487	865154	875647	1004021	1054756	1076830	1084039	1038310	1108405	870009	913569	843218
735932	768706	751274	913615	912211	873389	1041088	971080	966049	610101	654504	669489
813645	838193	850484	1022555	1025290	1042098	993762	1022383	926360	637496	693396	661964
1007416	963302	969576	1339997	1350900	1256676	1450371	1499475	1306662	892632	1114637	1001510
813596	755444	763310	1023896	907314	841742	1146770	1097361	1058632	653579	644583	633945
1022754	1221411	1246469	1081972	1316794	1315861	1054004	1159428	1149124	820770	896068	859373
1058046	1032081	1034190	959127	1039294	997479	1189491	1181363	1180334	1094026	907530	996133
978879	1015347	1054125	1301895	1005599	1152336	1312469	1132555	1127169	797882	980725	999106
1062753	1102907	1081900	1047132	1128777	1139295	1143836	1167272	1115454	667745	760076	733894
971395	1103823	1058719	1141265	1176955	1152474	1163639	1184619	1020771	627421	861510	749674
847621	880821	930759	1056156	1150467	1121931	1029585	1094546	1057371	691815	770977	741365
822787	861818	858383	979805	993547	1012622	1097161	1083289	921282	732924	799237	1003557
773966	762267	741079	925918	916808	886814	1051101	1119659	1112313	599361	679349	637123
817147	754696	750932	952479	861098	822385	1047737	913469	910724	605427	604336	611020
932829	926332	922479	1017312	1021992	1006527	1005819	1056438	1002056	753747	815615	785775
855960	921402	848618	918427	1035117	995109	1007960	999071	983156	677603	686471	735349
938542	934810	895512	1096453	1114260	1074669	1209717	1212564	1228475	738077	1150056	874694
836564	795565	804460	943629	902039	873178	1233476	1020648	1029840	694493	852424	828648
913175	887490	849668	979610	966199	935934	1357626	1122917	1129796	678078	787637	850925
936392	882536	908791	1005533	1057714	947083	958081	921868	928392	722544	761028	810498
1034760	1146900	1173256	1116248	1224397	1253278	1045444	1039262	1045657	656318	1077377	911297
1178036	1153928	1120704	1024677	1202408	1281088	1138983	1437439	1382226	1008947	1308842	1322364
1302541	1299748	1229346	1226361	1418009	1562497	1352451	1603817	1566554	853641	958837	908019
910681	887883	912455	968947	985153	1017713	1040043	1033725	1069767	657004	691353	697922
939951	955630	929181	1073846	1057907	1082053	1199431	1148696	1250415	804190	893319	854941
911692	971241	984706	1117713	1212442	1189585	1249782	1195921	1327805	733275	855291	866970
1031904	1159014	1128230	1169332	1455900	1340194	1141803	1209656	1140846	777883	763466	762624
912756	963314	972617	1054360	1248921	1299340	1070992	1161135	1157887	703106	686999	784290
876977	935472	970710	1030251	1203316	1141490	978677	1067198	1018121	561000	669364	725944
1165044	1284621	1423420	1503940	1823460	1694981	1312216	1388031	1417233	728007	1221028	1161763
818466	839446	833116	928882	1018967	984753	1076380	1044726	1067874	588258	598919	734366
874214	841624	1009406	956474	1126158	1153309	1084844	1026507	1053624	791320	687819	834085
907812	993549	1070263	983617	1200059	1227135	1180217	1284232	1222637	655333	779636	818521
884653	1031179	1013863	983514	1125315	1086612	1025721	1049388	1120211	666653	737389	742780
1051520	1034582	1067859	1104827	1213332	1186093	1160545	1259589	1155899	805289	1068459	923541
830084	890119	842264	1004083	1135809	1068761	1060786	1063411	1073233	1038256	1430741	830558
993224	1068754	1076979	1164439	1122257	1129815	1227601	1169991	1259898	626850	629731	753569
777986	887447	850709	937551	982606	962301	1112083	1041436	1098272	541869	591197	463454
