<TITLE>
School Completion
<SUBTITLE> 
Which regiona have similar completion trends?
<EXCEL COLUMN RANGE>
GM-GX
<VECTOR LABELS>
hokkaido
aomori-ken
iwate-ken
miyagi-ken
akita-ken
yamagata-ken
fukushima-ken
ibaraki-ken
tochigi-ken
gumma-ken
saitama-ken
chiba-ken
tokyo-to
kanagawa-ken
niigata-ken
toyama-ken
ishikawa-ken
fukui-ken
yamanashi-ken
nagano-ken
gifu-ken
shizuoka-ken
aichi-ken
mie-ken
shiga-ken
kyoto-fu
osaka-fu
hyogo-ken
nara-ken
wakayama-ken
tottori-ken
shimane-ken
okayama-ken
hiroshima-ken
yamaguchi-ken
tokushima-ken
kagawa-ken
ehime-ken
kochi-ken
fukuoka-ken
saga-ken
nagasaki-ken
kumamoto-ken
oita-ken
miyazaki-ken
kagoshima-ken
okinawa-ken
<DATA>
37.6	28.9	20.9	45.7	46.8	44.1	8.2	11.0	12.5	7.7	9.6	11.3
46.0	36.8	28.8	42.3	46.6	48.8	5.7	7.8	9.7	5.5	7.2	9.1
46.8	37.4	27.9	40.1	45.4	47.7	6.4	8.8	10.7	6.1	8.1	9.7
34.2	25.6	18.1	47.7	49.7	48.3	7.7	10.0	11.3	9.6	12.0	14.3
44.6	35.9	26.7	43.6	48.9	50.0	5.6	7.5	9.5	5.6	7.3	9.0
42.2	32.9	24.0	44.9	50.1	52.3	6.0	8.3	10.2	6.3	8.4	10.5
42.6	32.9	22.8	43.9	48.6	48.4	6.3	8.5	10.0	6.5	8.5	10.1
37.3	28.1	19.7	45.0	47.0	45.9	7.5	10.4	11.6	9.3	11.8	14.5
37.2	28.1	19.6	46.4	48.3	45.7	7.5	10.7	12.1	8.2	10.9	13.5
37.9	29.2	20.6	45.5	47.8	45.7	7.7	11.0	13.1	8.1	10.7	13.5
26.5	19.4	13.5	46.7	44.3	38.1	10.7	14.0	14.4	14.2	17.0	19.4
25.0	18.3	12.4	46.1	43.8	37.6	11.0	13.9	14.3	15.9	18.7	21.0
18.7	13.6	7.7	43.5	38.5	26.6	13.1	14.6	12.9	21.2	24.2	25.1
20.7	15.2	10.0	45.5	41.8	33.7	12.5	15.2	15.0	19.5	22.7	24.8
45.2	35.6	25.2	42.2	46.2	45.5	6.0	8.9	11.5	6.2	8.4	10.8
38.1	29.2	20.6	44.2	46.5	44.6	8.1	11.6	13.8	8.8	12.1	15.3
38.8	29.3	20.0	42.9	44.8	41.3	8.3	11.4	13.1	9.3	12.5	15.2
41.6	32.6	23.9	42.4	46.2	47.3	6.9	9.4	11.4	8.3	11.3	14.6
34.4	25.5	17.9	46.6	48.3	45.8	9.0	12.7	14.3	9.1	12.4	15.6
34.8	26.2	17.7	48.0	49.6	46.9	8.5	12.2	14.7	8.1	11.0	13.9
40.1	31.0	22.7	43.2	46.2	45.5	7.8	10.6	12.1	8.7	11.6	14.7
36.0	27.8	20.7	45.9	46.8	45.8	8.2	11.2	12.8	9.2	12.0	15.3
32.9	25.5	16.7	44.7	44.4	37.7	9.5	12.6	13.0	12.0	15.5	18.7
41.4	31.7	21.1	42.2	45.9	42.8	7.1	9.6	11.0	8.4	11.4	14.3
34.7	24.9	16.8	44.3	44.6	41.1	9.2	12.6	14.1	10.8	14.4	18.0
26.8	19.9	13.2	45.6	43.4	36.7	10.1	12.6	13.3	13.5	16.8	20.1
26.1	20.2	13.6	47.9	45.7	36.4	10.1	12.6	13.0	13.1	15.6	17.8
28.5	21.2	14.3	45.1	44.1	38.8	9.8	12.3	13.2	13.8	17.2	20.2
25.4	18.8	13.1	45.0	44.2	40.6	11.4	14.0	14.8	15.8	19.5	22.3
39.4	30.3	21.9	43.7	47.0	46.1	7.3	9.8	11.5	8.1	10.5	13.0
36.2	27.8	18.0	47.7	50.9	47.4	7.1	9.5	11.3	8.3	10.7	13.0
45.7	36.2	25.1	40.4	44.5	44.4	6.1	8.4	10.6	6.8	9.4	11.8
31.7	23.9	17.2	49.5	50.1	49.5	8.5	11.2	12.7	9.5	12.7	16.1
26.8	19.8	12.5	49.2	47.6	40.1	10.6	13.9	14.8	11.8	15.1	18.1
31.7	24.1	17.3	50.8	52.6	51.2	8.0	10.3	12.1	8.6	11.1	13.5
42.4	31.8	22.1	40.3	42.5	41.2	7.4	9.6	11.3	8.6	11.4	14.3
33.8	25.7	17.7	47.2	48.9	45.4	8.1	11.1	12.8	9.9	13.4	16.5
38.8	30.1	21.5	43.4	46.2	45.6	8.4	11.1	12.8	8.7	11.8	14.8
45.4	35.7	24.7	40.2	43.6	41.7	6.7	9.1	11.0	6.8	8.9	11.0
28.1	20.5	13.9	50.2	48.6	43.1	9.3	12.0	13.1	10.9	13.7	16.3
38.7	29.8	21.0	46.0	49.9	50.5	7.4	9.5	11.3	7.4	9.8	12.3
41.4	33.1	24.3	43.9	47.6	46.9	7.5	9.6	10.8	6.7	8.9	11.0
39.0	30.1	21.5	44.8	47.1	45.8	7.6	9.8	11.2	7.5	10.0	12.4
33.3	24.8	17.8	51.0	53.2	53.7	7.1	9.4	11.5	7.9	10.3	12.7
42.3	33.5	24.4	43.9	47.8	46.6	6.6	8.9	10.5	6.7	8.8	10.4
40.5	32.0	22.4	45.0	48.7	46.6	7.3	10.0	11.8	6.6	8.9	10.6
39.1	29.6	19.2	41.0	43.3	38.3	9.7	13.0	13.3	8.8	10.9	12.7
