<TITLE>
Elementary/Junior high absentees due to refusal to attend school
<SUBTITLE> 
Which regiona have similar trends?
<EXCEL COLUMN RANGE>
FB-FG
<VECTOR LABELS>
hokkaido
aomori-ken
iwate-ken
miyagi-ken
akita-ken
yamagata-ken
fukushima-ken
ibaraki-ken
tochigi-ken
gumma-ken
saitama-ken
chiba-ken
tokyo-to
kanagawa-ken
niigata-ken
toyama-ken
ishikawa-ken
fukui-ken
yamanashi-ken
nagano-ken
gifu-ken
shizuoka-ken
aichi-ken
mie-ken
shiga-ken
kyoto-fu
osaka-fu
hyogo-ken
nara-ken
wakayama-ken
tottori-ken
shimane-ken
okayama-ken
hiroshima-ken
yamaguchi-ken
tokushima-ken
kagawa-ken
ehime-ken
kochi-ken
fukuoka-ken
saga-ken
nagasaki-ken
kumamoto-ken
oita-ken
miyazaki-ken
kagoshima-ken
okinawa-ken
<DATA>
3.16	3.21	3.62	27.46	27.33	26.92
2.25	2.71	2.95	19.86	23.40	23.60
2.63	2.68	2.92	26.82	28.66	25.62
1.84	1.93	2.32	23.16	21.10	19.67
3.16	3.24	4.00	27.70	30.41	31.68
2.45	2.67	2.16	19.27	20.94	20.59
2.42	2.45	2.79	20.23	23.19	22.82
2.04	1.97	2.28	22.02	21.71	24.54
2.71	2.90	3.54	26.67	28.12	27.13
3.49	3.15	3.34	32.33	32.18	29.86
2.55	2.63	2.81	27.50	27.06	24.77
3.26	2.58	2.40	30.38	26.08	22.98
2.32	2.60	3.33	26.05	25.86	23.99
3.11	3.31	4.11	25.11	24.96	25.95
3.89	4.65	4.66	34.53	33.77	29.94
3.18	3.57	3.44	24.16	25.76	26.31
3.01	3.12	3.40	25.23	22.66	21.30
2.80	3.28	4.00	25.40	27.06	27.74
3.04	2.78	2.56	25.17	24.17	21.04
4.04	2.92	2.94	28.87	25.92	29.76
4.61	4.01	3.84	30.78	27.57	26.75
3.59	3.98	4.68	27.69	27.26	28.97
3.19	4.04	4.39	26.04	27.61	28.78
3.56	3.85	4.57	28.92	28.78	29.86
3.18	3.31	4.86	26.21	28.32	25.43
5.35	4.31	4.21	30.88	28.20	25.83
3.97	2.80	3.08	28.27	26.03	26.18
3.68	3.19	4.05	34.59	29.36	31.66
2.55	2.26	2.72	26.89	26.00	26.19
4.21	3.62	5.02	30.04	31.15	31.08
4.43	3.15	5.01	33.05	29.15	29.56
3.57	3.34	4.18	26.48	31.38	23.15
5.57	4.95	4.73	35.38	28.26	31.33
4.12	5.15	4.30	30.35	31.16	24.86
4.41	3.79	4.16	29.79	28.55	24.61
2.98	2.62	2.91	27.32	26.67	23.56
3.40	4.06	2.73	24.14	31.19	25.53
2.51	2.29	2.61	28.65	32.22	28.81
1.56	1.92	2.27	19.90	23.61	22.36
4.85	3.84	4.93	30.78	30.67	31.29
2.57	2.91	3.49	28.06	28.71	29.36
2.54	2.29	2.70	24.20	25.41	24.74
2.10	2.74	2.44	20.45	25.64	24.70
2.12	2.13	2.53	25.31	23.73	22.25
2.83	4.19	3.67	26.82	28.71	31.68
1.55	1.78	2.15	19.46	23.05	26.60
2.63	2.49	2.57	21.13	25.85	27.45
2.97	3.68	4.21	23.85	26.02	30.35
