<TITLE>
Weather by prefecture
<SUBTITLE>
Which regiona have similar weather trends? See environment excel doc
<EXCEL COLUMN RANGE>
AY-BM
<VECTOR LABELS>
hokkaido
aomori-ken
iwate-ken
miyagi-ken
akita-ken
yamagata-ken
fukushima-ken
ibaraki-ken
tochigi-ken
gumma-ken
saitama-ken
chiba-ken
tokyo-to
kanagawa-ken
niigata-ken
toyama-ken
ishikawa-ken
fukui-ken
yamanashi-ken
nagano-ken
gifu-ken
shizuoka-ken
aichi-ken
mie-ken
shiga-ken
kyoto-fu
osaka-fu
hyogo-ken
nara-ken
wakayama-ken
tottori-ken
shimane-ken
okayama-ken
hiroshima-ken
yamaguchi-ken
tokushima-ken
kagawa-ken
ehime-ken
kochi-ken
fukuoka-ken
saga-ken
nagasaki-ken
kumamoto-ken
oita-ken
miyazaki-ken
kagoshima-ken
okinawa-ken
<DATA>
1701	1527	1913	1237	1325	1204	10	4	26	141	149	144	134	129	121
1489	1465	1735	1627	1570	1484	12	8	18	179	167	158	114	111	110
1641	1566	1852	1377	1634	1280	4	9	17	143	145	133	106	107	101
1770	1787	2093	1029	1444	1417	12	7	22	101	105	107	73	72	74
1397	1431	1647	1821	1891	1738	5	9	16	192	190	177	103	99	105
1536	1539	1737	1196	1419	1337	4	10	15	160	145	146	92	86	96
1691	1737	1889	1068	1519	1366	9	9	19	116	117	115	80	74	72
2017	2013	2250	1147	1531	1471	44	30	46	102	103	99	16	17	10
2009	1879	2180	1333	1718	1764	35	21	50	107	123	104	22	27	14
2177	2140	2344	1114	1491	1396	33	25	40	107	119	90	25	19	13
2145	2114	2366	1191	1307	1388	59	49	64	87	111	90	17	20	6
2012	1932	2113	1315	1525	1496	50	...	...	95	107	101	16	12	16
1965	1987	2104	1482	1680	1808	39	34	46	94	111	106	14	14	11
2045	2094	2221	1411	1856	1860	33	26	37	96	107	103	16	8	14
1562	1583	1764	1813	2072	1984	5	16	16	179	191	170	72	63	75
1516	1593	1769	2777	2787	2535	9	15	17	202	192	168	59	55	62
1655	1675	1861	2545	2859	2635	10	17	18	200	197	161	58	57	63
1566	1619	1788	2731	2717	2464	16	23	22	193	185	169	54	54	57
2279	2177	2335	818	1320	1190	36	29	36	75	112	82	18	13	16
1916	1929	2028	868	1058	902	14	12	21	116	130	110	73	79	76
2067	2067	2209	1451	2441	1719	27	35	37	107	122	109	19	23	15
2246	2157	2215	1708	2846	2374	57	42	51	93	118	106	1	3	3
2102	2095	2255	901	1730	1506	18	24	40	90	102	107	13	12	15
2156	2159	2142	928	1624	1589	21	35	35	82	97	100	16	10	21
1847	1850	1971	1424	1858	1450	17	23	23	136	132	127	38	30	32
1844	1750	1825	955	2061	1377	11	14	15	93	106	104	38	17	38
2098	2032	2161	909	1568	1279	14	16	18	92	100	101	10	12	18
2037	2092	2096	687	1633	1222	17	20	15	81	92	90	15	9	21
1800	1782	1854	911	1588	1321	19	16	19	97	106	105	18	15	34
2071	2039	2145	986	1578	1410	12	18	20	85	93	102	21	9	18
1696	1717	1707	2003	1831	1890	10	23	14	152	160	158	52	47	58
1706	1704	1721	1473	1857	1819	17	9	19	154	155	150	46	38	53
2116	2097	1973	733	1216	1143	22	38	39	71	92	96	12	4	23
2145	2049	1980	1323	1586	1573	27	22	30	81	91	108	27	21	20
1913	1844	1771	1613	2084	1716	35	...	...	93	118	126	34	22	62
2221	2121	2098	999	1506	2534	25	24	16	82	99	106	18	10	17
2076	2065	1976	772	988	1229	17	17	16	85	87	106	19	13	19
2075	2000	1901	1179	1441	1418	22	21	22	82	104	107	16	13	14
2303	2118	2095	1746	3093	3659	31	29	33	85	108	122	4	2	5
1875	1833	1810	1020	1729	1766	24	21	30	92	119	124	26	19	13
2042	1853	1860	1357	1941	2253	40	30	42	98	120	115	24	15	11
1935	1756	1761	1373	1898	2134	26	29	26	99	124	118	22	13	6
2057	1886	1884	1325	2073	1694	33	22	26	94	132	119	25	14	11
2074	1953	1841	1419	1298	1613	27	26	24	61	102	108	13	10	10
2283	1988	2072	2220	2811	2732	52	47	47	98	145	120	1	2	0
2015	1766	1872	1988	2942	2834	32	16	30	105	143	133	8	5	2
1578	1503	1760	1948	2896	2585	3	3	7	134	149	137	0	0	0
