<TITLE>
Participants, Average Days for Participation and Participation Rate in Sports by Sex and Frequency
<SUBTITLE> 
Women
<EXCEL COLUMN RANGE>
Q-AF
<VECTOR LABELS>
Baseball (including playing catch)
Softball
Volleyball
Basketball
Soccer (including futsal)
Table tennis
Tennis
Badminton
Golf (including golf practice range)
Judo
Kendo
Gate ball
Bowling
Fishing
Swimming
Skiing, snowboarding
Mountain climbing or hiking
Cycling
Jogging, marathon
Walking or light physical exercise
Training with gym equipment
<DATA>
 617	220		126	 90	 58	 21	 13	16.0	2.0	1.1	0.4	0.2	0.2	0.1	0.0	0.0
 279	 87	 60	 59	 37	 41	 63	48.6	1.1	0.5	0.1	0.1	0.1	0.1	0.1	0.1
 811	 334	 265	 228	 370	 310	 276	63.6	4.6	1.4	0.6	0.5	0.4	0.6	0.5	0.5
 500	 188	 173	 117	 101	 134	 235	70.4	2.6	0.9	0.3	0.3	0.2	0.2	0.2	0.4
 443	 146	 128	 86	 94	 52	 24	28.3	1.7	0.8	0.2	0.2	0.1	0.2	0.1	0.0
 1,368	 258	 186	 121	 152	 139	 134	34.2	4.1	2.3	0.4	0.3	0.2	0.3	0.2	0.2
 811	 209	 168	 188	 313	 226	 280	66.6	3.8	1.4	0.4	0.3	0.3	0.5	0.4	0.5
 1,626	 471	 357	 232	 196	 117	 146	29.2	5.4	2.8	0.8	0.6	0.4	0.3	0.2	0.2
 665	 258	 274	 178	 172	 60	 12	22.8	2.8	1.1	0.4	0.5	0.3	0.3	0.1	0.0
 15	 10	 8	 12	 3	 9	 9	71.5	0.1	0.0	0.0	0.0	0.0	0.0	0.0	0.0
 41	 16	 14	 16	 10	 48	 47	114.9	0.3	0.1	0.0	0.0	0.0	0.0	0.1	0.1
 135	 23	 32	 36	 32	 67	 25	60.6	0.6	0.2	0.0	0.1	0.1	0.1	0.1	0.0
 5,143	 599	 245	 64	 60	 25	 9	5.4	10.6	8.8	1.0	0.4	0.1	0.1	0.0	0.0
 1,489	 251	 101	 61	 21	 4	 4	6.2	3.4	2.5	0.4	0.2	0.1	0.0	0.0	0.0
 2,472	 950	 547	 426	 578	 434	 164	33.2	9.7	4.2	1.6	0.9	0.7	1.0	0.7	0.3
 1,646	 419	 122	 53	 20	 12	 1	6.2	4.0	2.8	0.7	0.2	0.1	0.0	0.0	0.0
 3,624	 756	 386	 160	 51	 10	 7	6.4	8.7	6.2	1.3	0.7	0.3	0.1	0.0	0.0
 1,519	 539	 533	 382	 388	 380	 386	53.2	7.2	2.6	0.9	0.9	0.7	0.7	0.6	0.7
 909	 623	 609	 465	 457	 398	 360	58.1	6.6	1.6	1.1	1.0	0.8	0.8	0.7	0.6
 2,019	 1,665	 2,554	 2,909	 3,988	 4,734	 4,727	108.9	39.2	3.4	2.8	4.4	5.0	6.8	8.1	8.1
 712	 501	 751	 738	 1,081	 1,125	 471	77.0	9.3	1.2	0.9	1.3	1.3	1.8	1.9	0.8
