<TITLE>
Life Expectancy
<SUBTITLE> 
Which regiona have similar trends?
<EXCEL COLUMN RANGE>
FM-GA
<VECTOR LABELS>
hokkaido
aomori-ken
iwate-ken
miyagi-ken
akita-ken
yamagata-ken
fukushima-ken
ibaraki-ken
tochigi-ken
gumma-ken
saitama-ken
chiba-ken
tokyo-to
kanagawa-ken
niigata-ken
toyama-ken
ishikawa-ken
fukui-ken
yamanashi-ken
nagano-ken
gifu-ken
shizuoka-ken
aichi-ken
mie-ken
shiga-ken
kyoto-fu
osaka-fu
hyogo-ken
nara-ken
wakayama-ken
tottori-ken
shimane-ken
okayama-ken
hiroshima-ken
yamaguchi-ken
tokushima-ken
kagawa-ken
ehime-ken
kochi-ken
fukuoka-ken
saga-ken
nagasaki-ken
kumamoto-ken
oita-ken
miyazaki-ken
kagoshima-ken
okinawa-ken
<DATA>
77.55	78.30	79.17	84.84	85.78	86.30	58.17	58.85	59.59	65.33	66.24	66.64	17.79	18.32	18.75
75.67	76.27	77.28	83.69	84.80	85.34	56.30	56.79	57.81	64.31	65.26	65.73	16.52	17.04	17.59
77.09	77.81	78.53	84.60	85.49	85.86	57.65	58.35	59.04	65.07	65.95	66.32	17.33	17.96	18.46
77.71	78.60	79.65	84.74	85.75	86.39	58.30	59.13	60.11	65.23	66.14	66.81	17.53	18.30	18.81
76.81	77.44	78.22	84.32	85.19	85.93	57.46	58.01	58.62	64.80	65.62	66.37	17.05	17.73	18.10
77.69	78.54	79.97	84.57	85.72	86.28	58.44	59.10	60.31	65.01	66.05	66.78	17.57	18.22	18.82
77.18	77.97	78.84	84.21	85.45	86.05	57.83	58.50	59.34	64.78	65.83	66.41	17.19	17.90	18.45
77.20	78.35	79.09	84.21	85.26	85.83	57.87	58.87	59.63	64.74	65.72	66.18	17.29	17.99	18.58
77.14	78.01	79.06	84.04	85.03	85.66	57.92	58.63	59.46	64.57	65.52	65.99	17.26	17.73	18.30
77.86	78.78	79.40	84.47	85.47	85.91	58.50	59.29	59.89	64.94	65.91	66.28	17.63	18.33	18.77
78.05	79.05	79.62	84.34	85.29	85.88	58.63	59.56	60.02	64.83	65.71	66.25	17.55	18.26	18.71
78.05	78.95	79.88	84.51	85.49	86.20	58.64	59.44	60.32	64.99	65.92	66.53	17.67	18.36	18.97
77.98	79.36	79.82	84.38	85.70	86.39	58.54	59.84	60.20	64.85	66.11	66.72	17.79	18.72	18.82
78.24	79.52	80.25	84.74	86.03	86.63	58.82	60.03	60.65	65.19	66.44	67.01	17.78	18.67	19.06
77.66	78.75	79.47	85.19	86.27	86.96	58.30	59.28	60.01	65.67	66.71	67.26	17.60	18.40	18.87
78.03	79.07	79.71	85.24	86.32	86.75	58.70	59.57	60.12	65.72	66.75	67.20	17.79	18.42	18.86
77.96	79.26	79.71	85.18	86.46	86.75	58.57	59.76	60.26	65.65	66.85	67.09	17.55	18.51	18.91
78.55	79.47	80.47	85.39	86.25	86.94	59.27	59.98	60.98	65.92	66.68	67.35	17.93	18.53	19.19
77.90	78.89	79.54	85.21	86.17	86.65	58.53	59.45	59.85	65.74	66.57	66.93	17.85	18.68	18.90
78.90	79.84	80.88	85.31	86.48	87.18	59.44	60.33	61.31	65.77	66.84	67.42	18.38	19.13	19.71
78.10	79.00	79.92	84.33	85.56	86.26	58.70	59.59	60.53	64.83	66.05	66.67	17.67	18.34	19.03
78.15	79.35	79.95	84.95	86.06	86.22	58.74	59.84	60.33	65.39	66.49	66.60	17.67	18.58	18.91
78.01	79.05	79.71	84.22	85.40	86.22	58.63	59.57	60.19	64.70	65.82	66.55	17.48	18.21	18.60
77.90	78.90	79.68	84.49	85.58	86.25	58.55	59.37	60.19	65.06	65.99	66.54	17.51	18.22	18.74
78.19	79.60	80.58	84.92	86.17	86.69	58.85	60.10	60.98	65.39	66.61	67.02	17.41	18.45	19.18
78.15	79.34	80.21	84.81	85.92	86.65	58.73	59.83	60.65	65.30	66.30	66.99	17.74	18.47	19.20
76.97	78.21	78.99	84.01	85.20	85.93	57.51	58.68	59.39	64.47	65.61	66.23	16.98	17.87	18.31
77.57	78.72	79.59	84.34	85.62	86.14	58.17	59.22	60.00	64.84	66.02	66.53	17.42	18.24	18.71
78.36	79.25	80.14	84.80	85.84	86.60	58.90	59.76	60.64	65.19	66.31	66.91	17.70	18.44	18.88
77.01	77.97	79.07	84.23	85.34	85.69	57.54	58.55	59.39	64.73	65.72	66.24	17.23	17.82	18.35
77.39	78.26	79.01	84.91	86.27	86.08	57.82	58.70	59.44	65.37	66.60	66.88	17.46	18.15	18.47
77.54	78.49	79.51	85.30	86.57	87.07	58.21	59.08	60.11	65.94	67.01	67.42	17.77	18.52	18.98
77.80	79.22	79.77	85.25	86.49	86.93	58.47	59.71	60.21	65.71	66.88	67.22	17.73	18.65	18.96
77.76	79.06	79.91	85.09	86.27	86.94	58.36	59.55	60.35	65.58	66.66	67.36	17.66	18.55	19.10
77.03	78.11	79.03	84.61	85.63	86.07	57.70	58.59	59.50	65.06	66.08	66.47	17.21	17.91	18.37
77.19	78.09	79.44	84.49	85.67	86.21	57.93	58.76	59.92	64.95	66.09	66.72	17.37	18.00	18.75
77.99	78.91	79.73	84.85	85.89	86.34	58.57	59.50	60.20	65.27	66.25	66.84	17.82	18.56	19.06
77.30	78.25	79.13	84.57	85.64	86.54	57.90	58.75	59.52	65.01	66.07	66.80	17.73	18.29	18.73
76.85	77.93	78.91	84.76	85.87	86.47	57.68	58.54	59.38	65.39	66.35	66.93	17.62	18.24	18.69
77.21	78.35	79.30	84.62	85.84	86.48	57.83	58.86	59.76	65.16	66.26	66.87	17.31	18.12	18.58
76.95	78.31	79.28	85.07	86.04	86.58	57.74	58.77	59.67	65.44	66.42	67.01	17.34	18.19	18.56
77.21	78.13	78.88	84.81	85.85	86.30	57.90	58.66	59.41	65.27	66.33	66.74	17.36	18.22	18.74
78.29	79.22	80.29	85.30	86.54	86.98	58.90	59.71	60.69	65.77	66.88	67.40	18.15	18.82	19.46
77.91	78.99	80.06	84.69	86.06	86.91	58.52	59.50	60.53	65.12	66.34	67.33	17.70	18.64	19.17
77.42	78.62	79.70	85.09	86.11	86.61	58.05	59.20	60.07	65.65	66.53	66.94	17.72	18.58	18.97
76.98	77.97	79.21	84.68	85.70	86.28	57.68	58.60	59.66	65.15	66.24	66.70	17.38	18.18	18.76
77.64	78.64	79.40	86.01	86.88	87.02	58.42	59.18	59.93	66.51	67.23	67.49	18.45	19.16	19.50
