<TITLE>
LOCAL EDUCATIONAL EXPENDITURE BY PREFECTURE (F.Y.2012)
<SUBTITLE> 
prefecture
<EXCEL COLUMN RANGE>
C-G
<VECTOR LABELS>
japan
hokkaido
aomori
iwate
miyagi
akita
yamagata
fukushima
ibaraki
tochigi
gumma
saitama
chiba
tokyo
kanagawa
niigata
toyama
ishikawa
fukui
yamanashi
nagano
gifu
shizuoka
aichi
mie
shiga
kyoto
osaka
hyogo
nara
wakayama
tottori
shimane
okayama
hiroshima
yamaguchi
tokushima
kagawa
ehime
kochi
fukuoka
saga
nagasaki
kumamoto
oita
miyazaki
kagoshima
okinawa
<DATA>
15857	913	1055	1110	1601
768	1091	1316	1094	1690
213	1111	1182	1274	1734
235	1224	1329	1487	2007
342	1004	1200	1286	1696
172	1111	1444	1354	2089
180	1175	1167	1197	2937
327	1055	1192	1461	1799
404	959	1118	1076	1498
266	959	1049	1021	1163
272	876	1077	1108	1428
731	751	873	966	1305
686	850	1042	926	1343
1363	970	1257	1307	1757
837	763	842	1059	1582
382	1246	1316	1149	1851
161	1034	997	1180	3416
170	1054	1152	1127	2021
135	1082	1139	1115	1742
132	1059	1152	1021	3708
309	931	1122	1057	1762
272	858	1013	921	1179
414	741	887	1112	1180
768	751	822	911	1243
236	922	1007	1002	1492
200	849	995	983	1495
303	896	1075	1228	2153
901	804	873	1030	915
672	850	936	1130	1897
174	909	947	928	1524
158	1173	1253	1046	1792
103	1121	1281	1382	1858
139	1229	1562	1567	2483
257	912	1018	1070	1521
364	929	1082	1250	1661
199	985	1190	1328	2320
124	1128	1340	1141	1943
149	973	1299	1158	1919
197	971	1141	1018	1695
133	1423	1695	1417	2007
581	833	985	1068	1148
134	1009	1153	1054	3075
219	1070	1227	1223	2177
247	1014	1087	1120	2362
178	1068	1186	1156	1900
157	842	1069	1073	1937
255	1077	1130	1260	1495
235	851	962	1098	1044


