<TITLE>
KINDERGARTENS AND DAY NURSERIES BY PREFECTURE (1980--2014)
<SUBTITLE> 
year
<EXCEL COLUMN RANGE>
D-O
<VECTOR LABELS>
1980
1985
1990
1995
2000
2005
2010
2012
2013
<DATA>
14893	76349	100958	6038	94920	2407	1230	1177	1300	22036	175085	1996
15220	72805	98455	6142	92313	2068	1056	1012	1044	22899	177379	1844
15076	73598	100932	6318	94614	2008	1021	987	968	22703	315408	1724
14856	72615	102992	6235	96757	1808	918	891	818	22488	350927	1679
14451	72898	106067	6282	99785	1774	899	875	759	22199	409270	1904
13949	73616	110393	6807	103586	1739	883	856	692	22624	416542	2118
13392	70866	110580	7250	103330	1606	814	792	597	21681	442703	2057
13170	70560	110836	7418	103418	1604	814	791	575	22720	470708	2188
13043	70083	111111	7373	103738	1584	804	780	559	22594	476450	2185
