<TITLE>
KINDERGARTENS AND DAY NURSERIES BY PREFECTURE (1980--2014)
<SUBTITLE> 
prefecture
<EXCEL COLUMN RANGE>
D-O
<VECTOR LABELS>
hokkaido
aomori
iwate
miyagi
akita
yamagata
fukushima
ibaraki
tochigi
gumma
saitama
chiba
tokyo
kanagawa
niigata
toyama
ishikawa
fukui
yamanashi
nagano
gifu
shizuoka
aichi
mie
shiga
kyoto
osaka
hyogo
nara
wakayama
tottori
shimane
okayama
hiroshima
yamaguchi
tokushima
kagawa
ehime
kochi
fukuoka
saga
nagasaki
kumamoto
oita
miyazaki
kagoshima
okinawa
<DATA>
542	2905	5092	441	4651	65	33	32	22	857	15148	67
119	514	733	41	692	7.9	4.0	4.0	2.2	471	7898	33
141	635	918	82	836	12	5.9	5.8	3.7	360	6254	26
280	1424	2385	204	2181	33	17	16	13	362	7214	29
90	433	663	60	603	7.2	3.7	3.5	2.2	254	5523	23
107	578	970	79	891	11	5.5	5.3	3.3	244	4682	21
342	1322	2213	161	2052	25	13	12	9.3	316	5802	25
363	1715	2670	173	2497	37	19	18	13	498	9722	48
195	1405	2571	174	2397	30	15	14	8.2	362	6993	32
205	1130	1791	145	1646	21	11	10	5.9	420	8259	43
625	4632	7162	554	6608	113	58	55	40	1029	20884	87
563	3577	5534	361	5173	91	47	45	32	813	17384	79
1023	6605	10772	735	10037	171	87	84	60	1920	49168	181
720	5548	8371	645	7726	138	70	68	50	1257	26218	107
154	803	1423	92	1331	15	7.5	7.2	4.3	702	12666	59
86	425	601	37	564	6.6	3.3	3.3	1.8	296	5990	29
68	437	688	48	640	7.8	4.0	3.9	1.9	354	7092	35
122	350	496	31	465	4.8	2.4	2.4	1.5	269	5030	25
74	342	587	40	547	6.4	3.2	3.2	1.9	233	3506	19
119	625	1017	79	938	13	6.3	6.4	4.1	576	9020	50
188	1127	1921	110	1811	23	12	11	7.6	421	6787	40
504	2745	4385	253	4132	59	30	29	19	515	11350	52
521	3886	5709	345	5364	97	49	48	31	1260	24340	137
246	939	1629	69	1560	19	9.7	9.5	7.3	429	7875	38
193	910	1687	68	1619	19	9.6	9.4	7.7	264	6332	28
226	1323	2234	134	2100	28	14	14	8.9	483	10818	51
766	4734	7596	332	7264	117	59	58	43	1267	28532	135
696	3083	4915	248	4667	70	35	35	29	902	16812	83
201	832	1484	56	1428	17	8.5	8.2	6.2	197	4541	21
106	440	695	42	653	8.0	4.0	4.0	2.3	210	3680	20
35	221	420	31	389	3.9	1.9	1.9	1.0	189	3642	16
104	278	517	41	476	4.1	2.1	2.0	1.6	290	5149	21
329	1049	1548	59	1489	19	9.7	9.3	7.6	411	8253	42
303	1481	2284	153	2131	33	17	16	11	617	11604	59
198	804	1221	98	1123	16	8.3	8.0	5.1	312	5124	25
182	421	802	25	777	7.3	3.7	3.6	3.7	214	3601	14
169	772	1202	49	1153	14	7.1	6.8	4.6	208	4445	20
179	893	1401	100	1301	18	9.1	9.0	5.5	312	5210	24
56	219	417	31	386	4.2	2.2	2.0	1.3	257	4436	19
484	3017	4886	359	4527	68	34	33	21	918	19812	101
104	498	760	72	688	9.6	4.9	4.7	2.7	223	4169	20
172	760	1212	94	1118	14	7.0	6.7	4.2	440	7272	32
143	742	1124	81	1043	16	7.9	7.9	4.7	589	10283	49
215	609	997	61	936	12	6.3	6.1	6.0	281	4871	22
133	558	814	72	742	10	5.2	5.1	2.9	394	6787	30
238	926	1358	164	1194	19	9.8	9.5	6.1	481	8168	36
276	798	1184	82	1102	18	9.1	8.9	13	399	8111	33
